from_stop_id,to_stop_id,transfer_type,min_transfer_time
1,613,0,
1,639,2,300
10017,10017,0,
10017,10018,2,300
10017,8683,0,
10017,8697,2,300
10017,8749,0,
10017,8758,0,
10018,10017,2,300
10018,8683,0,
10018,8697,2,300
10021,8659,2,360
10021,8679,2,360
10021,8680,0,
10023,10023,0,
10023,11450,0,
10023,2590,0,
10034,10034,0,
10034,10971,2,300
10034,10972,2,300
10034,9952,2,300
10063,10063,0,
10067,10067,0,
10067,10068,0,
10067,10440,2,420
10068,10067,2,300
10068,10068,0,
10068,10440,2,480
10068,3608,2,420
10092,1865,2,300
10092,1886,2,300
1013,10424,0,
1013,10694,2,600
1013,12334,2,300
1013,98,2,540
10132,3198,0,
10132,3784,2,300
10132,3975,2,300
10141,10141,0,
10141,3900,0,
10141,9174,0,
10144,11613,2,360
10144,9848,2,360
10145,10145,0,
10145,9283,0,
10148,12478,2,300
10148,9524,0,
10148,9547,0,
1016,1016,0,
1016,11523,2,300
1016,11525,2,360
1016,11535,2,120
1016,11706,0,
1016,12535,2,120
1016,4495,2,300
1016,78,2,480
1016,8041,2,360
1016,9129,2,180
1016,96,2,480
1016,985,0,
1018,1018,0,
1018,767,0,
1018,869,0,
1018,9551,0,
10188,10188,0,
10189,10189,0,
10189,6039,0,
10196,10374,2,300
10196,1300,2,480
10196,1362,2,480
10198,10198,0,
10199,6475,0,
10199,9306,0,
10202,8050,0,
10202,8067,0,
10235,10233,0,
10235,2708,0,
10247,10247,0,
10251,10251,0,
10251,10260,0,
10251,10692,2,300
10258,10253,2,300
10258,10258,0,
10258,10628,2,300
1027,1971,2,300
1027,2062,0,
10294,10893,0,
10295,10295,0,
10295,7835,0,
10295,7890,0,
10299,7666,2,420
10299,7719,2,420
10300,12638,2,300
10305,10300,0,
10305,10305,0,
10305,7785,0,
10308,12638,2,300
1031,12631,2,300
1031,12632,2,300
10310,7666,0,
10310,7719,2,420
10316,10893,2,360
10316,12636,2,420
10316,12639,2,360
10328,4756,2,300
10329,2725,0,
10331,10231,2,300
10331,2021,2,300
10335,10349,0,
10336,10336,0,
10336,10339,0,
10339,10336,0,
10342,10333,2,300
10342,2632,2,360
10349,10335,2,360
10349,10349,0,
10352,10814,0,
10352,179,0,
10360,11221,2,420
10360,11227,2,420
10360,11258,0,
10360,11276,2,300
10360,11277,2,300
10375,10926,0,
10375,1300,2,480
10375,1362,2,480
1039,1514,0,
1039,1596,0,
10399,10399,2,120
10399,11526,2,300
10399,11706,2,360
10399,12036,0,
10399,4495,2,420
10399,4881,2,120
10399,4882,2,300
10399,97,2,180
10400,10399,2,60
10400,12036,2,60
10400,96,2,360
10400,97,2,60
10413,8922,2,300
1042,11013,0,
1042,11023,0,
10427,6236,0,
10428,10428,0,
10429,10429,2,120
10429,2477,0,
10429,2630,0,
10429,2692,2,120
10429,2799,2,120
10429,3023,0,
10429,8051,0,
10429,8066,0,
10437,6175,0,
10437,6194,0,
10465,415,2,360
10467,12026,2,360
10468,11274,2,420
10468,11275,2,420
10468,11310,2,420
10468,11311,2,300
10470,21,2,360
10470,8289,0,
10470,91,2,360
10492,8042,2,360
10492,8075,2,360
10513,12026,2,360
10513,415,2,360
1055,902,0,
1055,915,0,
10553,35,2,300
10553,8019,2,480
10553,8035,2,480
10554,7357,2,300
10554,8975,2,360
10564,8575,0,
10567,3719,2,480
10568,3723,2,480
10569,3723,2,480
10591,10591,2,180
10591,11534,2,300
10591,11638,2,420
10591,2737,2,420
10591,411,2,360
10591,80,2,360
10591,8042,2,360
10591,8075,2,360
10592,11407,0,
1061,1544,0,
1061,1570,0,
10619,10619,0,
10619,782,0,
10620,782,2,300
10642,10642,0,
10643,10673,0,
10643,11593,0,
10644,10673,2,300
10644,11593,0,
10645,10645,0,
10647,12424,2,300
10648,10647,2,300
10648,10648,0,
10648,12424,2,300
1065,1065,0,
1065,12393,0,
1065,1615,0,
1065,1832,0,
1065,8046,0,
1065,8071,0,
10673,10643,2,300
10673,10644,0,
10673,11593,2,360
10690,12380,2,360
1070,1071,0,
1070,1156,0,
10701,10189,2,360
1071,1070,0,
1071,1071,0,
1071,1156,0,
10736,10703,2,300
10736,12104,2,360
10744,10744,0,
10745,11284,2,300
10745,11285,2,300
10745,11349,0,
10745,994,0,
1075,1076,0,
10753,4005,2,360
10755,1493,2,360
1076,1828,0,
1076,1833,0,
10764,10819,0,
10764,10823,0,
1079,1254,0,
1079,659,0,
10799,10799,0,
10799,11280,2,300
10799,11281,2,300
10799,1525,0,
10799,1586,0,
10811,10811,0,
10812,1988,0,
10812,2047,0,
10814,10352,0,
10814,12818,2,360
10819,10764,0,
10819,12054,0,
10819,4722,0,
10819,4750,0,
10823,10764,0,
10823,12054,0,
10823,4722,0,
10823,4750,0,
10827,10827,0,
10833,10833,0,
10855,10854,2,360
10855,11681,2,300
10856,10856,0,
10856,11757,2,300
1086,1544,0,
1086,1570,0,
10860,11940,0,
10860,11941,0,
10860,11942,0,
10860,11943,0,
10860,12020,0,
10860,12022,0,
10860,12230,0,
10860,12231,0,
10860,12332,0,
10860,8020,2,120
10860,8033,2,120
10865,10866,0,
10865,10867,0,
10865,12693,0,
10865,4242,0,
10865,4471,0,
10865,4568,0,
10865,8037,0,
10865,989,0,
10866,10865,0,
10866,10866,2,120
10866,10867,2,120
10866,12693,0,
10866,4242,2,120
10866,4459,0,
10866,4471,0,
10866,4568,2,120
10866,8037,0,
10866,989,2,120
10867,8037,2,120
10873,12688,2,120
10873,1761,2,120
10873,1775,2,120
10873,4067,2,120
10873,4119,2,120
10873,4143,0,
10873,4163,2,120
10873,4381,2,120
10873,451,0,
10873,452,2,120
10874,7117,2,300
10879,10879,0,
10879,10882,0,
10879,4018,2,300
10879,4228,2,300
10880,10880,0,
10880,10881,0,
10880,11764,2,360
10880,11882,0,
10880,5045,0,
10880,5122,0,
10880,5262,0,
10880,5494,0,
10880,5667,0,
10880,5668,0,
10880,5768,0,
10880,5769,0,
10880,5793,0,
10880,5891,0,
10880,6467,0,
10880,8057,0,
10880,8060,0,
10881,10880,0,
10881,11882,0,
10881,5045,0,
10881,5122,0,
10881,5262,0,
10881,5494,0,
10881,5667,2,120
10881,5768,2,300
10881,5769,2,300
10881,5793,0,
10881,5891,2,300
10882,10879,0,
10882,10882,0,
10882,4018,2,300
10884,10884,0,
10884,5844,0,
10884,8056,2,300
10884,8061,2,300
10885,10885,0,
10885,10886,0,
10885,10887,0,
10885,10888,0,
10885,10889,0,
10885,10890,0,
10885,10891,0,
10885,10892,0,
10885,12655,0,
10885,12793,0,
10886,10885,0,
10886,10887,0,
10886,10888,0,
10886,10889,0,
10886,10890,0,
10886,10892,0,
10886,12655,0,
10886,12793,0,
10888,10885,0,
10888,10886,0,
10888,10887,0,
10888,10888,0,
10888,10889,0,
10888,10890,0,
10888,10891,0,
10888,10892,0,
10888,12655,0,
10888,12793,0,
10890,10885,0,
10890,10888,0,
10890,10889,0,
10890,12655,0,
10890,12793,0,
10891,10885,0,
10891,10886,0,
10891,10887,0,
10891,10888,0,
10891,10889,0,
10891,10890,0,
10891,10891,0,
10891,10892,0,
10891,12655,0,
10891,12793,0,
10892,10885,0,
10892,10886,0,
10892,10887,0,
10892,10888,0,
10892,10889,0,
10892,10890,0,
10892,10892,0,
10892,12655,0,
10893,10316,2,300
10893,12673,2,300
10893,7828,0,
10895,779,2,480
1091,8753,2,300
1091,8762,2,300
10914,5148,0,
10914,5890,0,
10914,7639,0,
10914,8062,0,
10915,10915,0,
10915,2203,0,
10915,2252,0,
10915,2397,0,
10915,3535,0,
10915,5989,0,
10916,11664,2,480
10916,5180,0,
10916,5183,2,360
10916,9720,2,480
1092,902,0,
1092,915,0,
10921,1685,2,300
10921,1736,2,300
10929,10915,0,
10929,2203,0,
10929,2252,0,
10929,2397,0,
10929,3535,0,
10929,5989,0,
10929,6984,0,
10929,8052,0,
10929,8065,0,
10947,11867,0,
10947,4461,0,
10948,10914,0,
10948,5148,0,
10948,5890,0,
10948,7639,0,
10948,8055,0,
10948,8062,0,
10959,10961,2,300
10959,11759,2,420
10959,1896,2,420
10960,10958,2,420
10960,10961,2,360
10961,10958,2,300
10961,11759,2,360
10961,1896,2,360
10966,213,0,
10966,549,0,
10967,213,2,360
10967,549,2,360
10969,313,2,360
10969,365,0,
10971,10972,0,
10971,8747,0,
10971,8756,0,
10971,9952,0,
10972,10034,2,300
10972,10971,0,
10972,10972,0,
10972,8747,0,
10972,8756,0,
10972,9952,0,
10976,230,2,300
11,11427,2,300
11,11542,0,
110,11113,0,
110,322,0,
110,569,0,
11007,1312,0,
11007,1350,0,
11009,663,0,
11009,706,0,
1101,959,2,300
11010,793,0,
11010,842,0,
11011,1312,0,
11011,1350,0,
11013,1042,0,
11013,1105,0,
11014,337,0,
11014,463,2,300
11015,663,0,
11015,706,0,
11016,113,0,
11016,56,0,
11020,165,0,
11020,251,0,
11021,337,2,300
11021,463,2,300
11022,793,0,
11022,842,0,
11023,1042,0,
11023,1105,0,
11029,11029,0,
11032,11032,0,
11032,11998,0,
1105,11013,2,300
1105,11023,0,
11074,5456,0,
11074,5516,0,
11075,6051,0,
11075,9023,0,
11076,6051,0,
11076,9022,0,
11077,5474,2,360
11077,5498,2,360
11078,5474,2,360
11078,5498,2,360
1108,1514,0,
1108,1596,0,
11088,11278,2,300
11088,11279,2,300
11088,11352,2,300
11088,12548,2,300
11095,8752,2,300
11095,8761,2,300
11095,906,0,
11095,911,0,
11103,11283,2,300
11103,11354,2,300
11103,160,0,
11113,110,0,
11113,569,2,300
11113,60,0,
11114,7645,2,540
11122,5561,0,
11122,5623,0,
11123,6019,2,300
11123,6073,0,
11124,6019,2,300
11124,6073,0,
11126,12196,2,300
11126,9291,0,
11126,9293,2,360
11127,5025,0,
11127,5067,0,
11128,5138,0,
11128,8542,0,
11129,5138,0,
11129,8542,0,
11130,5025,0,
11130,5067,0,
11131,5651,0,
11131,5683,0,
11132,5651,0,
11132,5683,0,
11133,5715,0,
11133,5729,0,
11134,5715,0,
11134,5729,0,
11135,5756,0,
11135,5781,0,
11137,5918,0,
11137,5961,0,
1116,12631,2,300
1116,12632,2,300
11192,11192,0,
11196,11199,0,
11199,11196,0,
1120,1971,0,
1120,2062,2,300
11200,1769,2,300
11204,2264,0,
11204,2444,0,
11208,6486,0,
11208,6566,0,
11208,6802,0,
11216,11695,0,
11216,9087,0,
11221,10360,2,360
11221,11088,2,300
11221,11221,0,
11221,11227,0,
11221,11260,2,420
11221,12763,2,360
11221,12764,2,360
11221,932,2,420
11227,10360,2,360
11227,11260,2,420
11243,11243,0,
11243,11247,2,300
11243,11295,2,300
11243,11707,2,300
11243,12716,2,300
11243,6753,0,
11247,11243,2,300
11247,11247,0,
11247,11295,2,360
11247,11707,2,300
11247,12716,2,360
11247,6753,2,300
11248,11246,0,
11248,11253,0,
11248,11266,0,
11248,11267,0,
11248,11269,0,
11248,11289,0,
11248,11788,0,
11251,11251,0,
11251,11286,0,
11251,11287,0,
11252,11251,0,
11252,11252,0,
11252,11286,0,
11252,11287,0,
11254,11398,2,300
11254,6754,2,360
11255,11255,0,
11256,11246,0,
11256,11248,0,
11256,11253,0,
11256,11266,0,
11256,11267,0,
11256,11269,0,
11256,11288,0,
11256,11289,0,
11256,11788,0,
11258,10360,0,
11258,11258,0,
11258,11276,2,360
11258,11277,2,300
11259,12232,2,360
11259,12240,2,360
11260,10360,0,
11260,11221,2,420
11260,11227,2,420
11260,11258,0,
11260,11260,0,
11260,11276,2,300
11260,11277,2,300
11262,826,2,300
11268,11246,0,
11268,11248,0,
11268,11250,0,
11268,11253,0,
11268,11266,0,
11268,11267,0,
11268,11269,0,
11268,11288,0,
11268,11289,0,
11268,11788,0,
11270,11246,0,
11270,11248,0,
11270,11250,0,
11270,11253,0,
11270,11256,0,
11270,11266,0,
11270,11267,0,
11270,11268,0,
11270,11269,0,
11270,11288,0,
11270,11289,0,
11270,11788,0,
11273,11522,2,300
11273,11523,2,300
11273,11535,2,360
11273,11706,2,360
11273,4494,2,480
11273,4495,2,360
11273,4882,2,360
11273,8535,2,540
11273,9129,2,360
11273,985,2,300
11274,10468,2,420
11274,11310,2,360
11274,11337,2,360
11275,10468,2,420
11275,11310,2,360
11275,11311,2,360
11275,11337,2,360
11276,10360,2,300
11276,11258,2,300
11276,11260,2,300
11277,10360,2,300
11277,11260,2,300
11278,11088,2,300
11278,12548,2,360
11278,12763,2,360
11278,12764,2,360
11278,932,2,480
11279,11088,0,
11279,11352,2,300
11279,12548,2,360
11279,12763,2,360
11279,12764,2,360
11279,932,2,480
11280,10799,2,300
11280,1525,2,300
11280,1586,2,300
11280,423,2,300
11281,10799,2,300
11281,1525,2,300
11281,1586,2,300
11281,423,2,300
11282,11350,2,300
11282,11353,2,300
11282,11354,2,300
11282,12585,2,360
11282,160,2,300
11283,11103,2,300
11283,11353,2,300
11283,11354,2,300
11283,12585,2,360
11283,160,2,300
11284,10745,2,300
11284,2051,2,300
11285,10745,2,300
11285,2051,2,300
11286,11251,0,
11286,11252,0,
11287,11251,0,
11287,11252,0,
11288,11246,0,
11288,11248,0,
11288,11250,0,
11288,11253,0,
11288,11256,0,
11288,11266,0,
11288,11267,0,
11288,11268,0,
11288,11269,0,
11288,11788,0,
11289,11246,0,
11289,11248,0,
11289,11253,0,
11289,11256,0,
11289,11266,0,
11289,11267,0,
11289,11268,0,
11289,11269,0,
11289,11288,0,
11289,11788,0,
11290,8604,2,300
11292,11471,2,360
11294,11243,2,360
11294,11247,2,360
11294,11707,2,300
11294,12716,2,300
11294,6753,2,300
113,11016,0,
113,114,0,
1130,1254,0,
1130,659,0,
11303,11438,2,300
11303,12036,2,360
11303,12138,2,480
11303,35,2,300
11303,77,2,360
11303,8035,2,480
11303,8039,2,360
11303,9069,2,300
11303,938,2,300
11303,96,2,360
11305,11245,0,
11305,11305,0,
11307,2892,0,
11307,3151,2,360
11310,10468,2,360
11310,11274,2,360
11310,11337,2,300
11311,10468,2,300
11311,11274,2,420
11311,11275,2,420
11311,11337,2,300
11318,11114,2,600
11318,11962,2,540
1133,1075,0,
1133,1828,0,
1133,1833,2,300
11331,12516,2,300
11331,5332,2,300
11332,12516,2,360
11337,11274,2,360
11337,11275,2,360
11337,11310,2,360
11337,11311,2,300
11348,11353,0,
11348,12585,0,
11349,10745,0,
11349,2051,0,
11350,11282,2,300
11350,11353,0,
11350,11354,2,300
11350,12585,2,300
11352,11088,2,300
11352,11278,2,300
11352,11279,2,300
11352,12763,2,360
11352,12764,2,300
11352,932,2,300
11353,11103,0,
11353,11282,2,300
11353,11283,2,300
11353,11350,0,
11354,11103,2,300
11354,11282,2,300
11354,11283,2,300
11354,11350,2,300
11354,627,2,300
1137,1617,0,
1137,1683,0,
1139,1160,2,360
1139,1654,0,
11392,11392,2,120
114,11016,0,
114,114,0,
114,56,0,
11402,11402,0,
11402,3317,2,360
11403,12721,2,300
11403,331,2,360
11403,545,2,300
11403,8640,2,300
11405,11408,2,480
11426,12348,2,300
11427,25,0,
11427,26,2,360
11429,25,0,
11429,26,2,360
11429,98,2,480
1143,2120,2,300
1143,857,2,300
1143,887,0,
11434,11434,0,
11439,7869,2,300
11441,10400,2,360
11441,11302,2,360
11441,11526,2,360
11441,11535,2,420
11441,35,2,360
11441,77,2,360
11441,78,2,360
11441,8019,2,480
11441,8035,2,480
11441,96,2,360
1147,785,2,360
11470,11393,2,300
11500,165,0,
11500,251,0,
1151,1307,2,360
1151,1355,0,
1152,1575,0,
11523,11272,2,300
11523,11523,0,
11523,11706,2,60
11523,4494,2,300
11523,4495,0,
11523,9129,2,300
11523,985,0,
11524,11272,2,300
11524,11524,0,
11524,11706,0,
11524,4494,2,360
11524,4495,2,300
11524,4882,2,360
11524,9129,2,120
11525,11525,0,
11525,11535,2,360
11525,8041,2,300
11526,11526,0,
11526,11616,2,300
11526,11706,2,120
11526,77,0,
11526,8041,2,360
11526,8535,2,480
11526,96,0,
11526,97,2,300
11527,11438,2,300
11529,1283,0,
11529,231,2,300
11529,232,2,300
11529,2738,2,360
11529,524,0,
11529,942,2,360
1153,1153,0,
11534,12581,2,300
11534,81,0,
11535,11438,2,480
11535,11535,0,
11535,11706,2,120
11535,35,2,480
11535,4495,2,180
11535,78,2,360
11535,8035,2,600
11535,8041,2,300
11535,9129,2,300
11535,95,2,360
11535,96,2,360
11540,6754,2,300
11542,26,0,
11543,3517,2,300
11553,10399,0,
11553,4881,2,300
11557,11556,0,
11559,7650,2,300
11559,8023,2,120
11559,8030,2,120
1156,1070,0,
1156,1071,0,
1156,1156,0,
11573,3735,0,
11579,11408,2,420
11583,11583,0,
11588,11588,0,
11588,1231,0,
11588,8044,0,
11588,8073,0,
11588,8763,2,360
11588,972,0,
11589,11606,0,
11589,1231,0,
11589,8044,2,300
11589,8073,2,300
11589,8754,0,
11589,8763,2,300
11589,972,0,
11592,5287,2,360
11592,5288,2,360
11593,10643,2,300
11593,10644,0,
11598,11604,2,360
1160,1160,0,
1160,1186,0,
1160,1187,0,
1160,12665,2,300
1160,12666,2,300
1160,1648,0,
11602,11597,2,300
11606,1231,0,
11606,8044,2,300
11606,8073,2,300
11606,8754,2,300
11606,8763,2,300
11606,972,2,300
11613,9848,2,360
11616,11438,2,360
11616,77,0,
11616,96,0,
11622,155,0,
11622,256,2,300
11623,668,0,
11623,701,0,
11628,5016,2,480
11628,5077,2,480
11629,5077,2,480
11632,155,0,
11632,256,0,
11638,11534,2,360
11638,11638,0,
11638,411,2,300
11638,4494,2,420
11638,80,0,
11638,939,2,360
11646,81,2,540
1165,1738,2,600
11664,11664,2,120
11664,5183,2,360
11664,9720,0,
11674,1685,2,300
11674,1736,2,300
11674,1801,0,
11674,8047,0,
11674,8070,0,
11674,8563,0,
11676,4659,2,360
11678,11708,2,300
1168,2540,0,
11682,1430,2,300
11682,1442,0,
1170,1170,0,
1170,12336,2,480
11701,5031,2,360
11701,5059,2,480
11704,11704,0,
11704,12543,2,420
11704,5436,0,
11704,5542,0,
11704,6195,2,420
11704,6340,2,420
11706,11706,0,
11707,11243,2,300
11707,11247,2,300
11707,11295,2,360
11707,11707,0,
11707,12716,2,300
11707,6753,2,300
11708,11678,2,300
1171,1170,2,480
1171,1175,2,300
1171,12336,0,
11710,11712,0,
11710,11714,2,300
11710,11715,0,
11710,11716,0,
11710,11718,0,
11710,8053,0,
11710,8064,0,
11713,11710,0,
11713,11712,0,
11713,11714,0,
11713,11715,0,
11713,11716,0,
11713,8053,0,
11713,8064,0,
11714,11710,0,
11714,11712,0,
11714,11714,0,
11714,11715,0,
11714,11716,0,
11714,11718,0,
11714,8053,0,
11714,8064,0,
11715,11710,0,
11715,11712,0,
11715,11714,0,
11715,11715,0,
11715,11716,0,
11719,11710,0,
11719,11715,0,
11719,11716,0,
11719,11718,0,
11719,8053,0,
11719,8064,0,
1172,1170,2,480
1172,1175,2,480
1173,12405,2,300
1173,12409,2,300
1173,12410,2,300
1173,12411,2,300
1173,2016,0,
1173,2414,0,
1173,2523,0,
1173,2671,0,
1173,2717,2,120
1173,2761,0,
1173,2833,0,
1173,8049,2,300
1173,8068,2,300
11733,2269,0,
11739,11736,2,300
11739,11739,0,
11739,12386,0,
11754,10629,0,
11759,11759,0,
11760,10958,2,360
11760,11759,0,
11765,11710,0,
11765,11712,0,
11765,11714,0,
11765,11715,0,
11765,11716,0,
11765,8053,0,
11765,8064,0,
11785,11653,2,480
11792,12358,2,420
11792,12361,2,420
11792,12362,2,420
11792,12363,2,420
11793,12358,2,300
11793,12361,2,300
11793,12362,2,300
11793,12363,2,300
11794,12358,2,300
11794,12361,2,300
11794,12363,2,300
11798,11799,0,
11798,11801,0,
11798,11802,0,
11798,11807,0,
11798,11808,0,
11798,11810,0,
11798,11811,0,
11801,11799,0,
11801,11802,0,
11801,11806,0,
11801,11807,0,
11801,11808,0,
11801,11810,0,
11801,11811,0,
11802,11798,0,
11802,11801,0,
11802,11806,0,
11802,11807,0,
11802,11808,0,
11802,11811,0,
11805,11798,0,
11805,11799,0,
11805,11801,0,
11805,11802,0,
11805,11806,0,
11805,11807,0,
11805,11808,0,
11805,11810,0,
11805,11811,0,
11806,11799,0,
11806,11801,0,
11806,11802,0,
11806,11807,0,
11806,11808,0,
11806,11810,0,
11806,11811,0,
11807,11798,0,
11807,11799,0,
11807,11801,0,
11807,11802,0,
11807,11806,0,
11808,11798,0,
11808,11799,0,
11808,11801,0,
11808,11802,0,
11808,11806,0,
11808,11810,0,
11808,11811,0,
1181,1181,0,
11810,11798,0,
11810,11799,0,
11810,11801,0,
11810,11806,0,
11810,11807,0,
11810,11808,0,
11810,11811,0,
11827,11827,0,
11827,3317,0,
11843,12380,2,360
1186,1187,0,
1186,12665,2,300
1186,12666,2,300
1186,1648,0,
11860,11858,0,
11860,11861,0,
11860,5464,0,
11860,5593,0,
11860,5633,0,
11860,5700,0,
11860,5743,0,
11860,6000,0,
11860,6077,0,
11866,11867,0,
11866,4491,0,
11866,4660,0,
11867,11867,0,
11867,4461,0,
1187,1160,0,
1187,1186,0,
1187,1187,0,
11874,11874,0,
11874,12567,0,
11874,12835,2,360
11874,12836,2,360
11874,1401,2,360
11874,8750,0,
11874,8759,2,300
11875,11874,2,360
11875,11875,0,
11875,8750,2,360
11875,8759,2,360
11878,11874,2,360
11878,12567,2,360
11878,8750,2,420
11878,8759,2,420
11879,11878,2,360
11879,12567,2,360
11879,12835,2,420
11879,12836,2,420
11882,10880,0,
11882,10881,0,
11882,11764,2,300
11882,11882,0,
11882,5045,0,
11882,5122,0,
11882,5262,0,
11882,5494,0,
11882,5667,0,
11882,5768,0,
11882,5769,0,
11882,5793,0,
11882,5891,0,
11882,6467,0,
11882,8057,0,
11882,8060,0,
1190,1617,0,
1190,1683,0,
11903,11901,0,
11903,11903,0,
11903,12428,0,
11906,2266,0,
11906,2323,0,
11909,2266,0,
11909,2323,0,
11911,11911,0,
11911,1429,0,
11911,1444,0,
11929,11091,2,360
11929,4329,2,300
11932,6661,0,
11932,8283,2,420
11932,8483,2,480
11940,11941,0,
11940,11942,0,
11940,11943,0,
11940,12022,0,
11940,12230,0,
11940,12332,0,
11940,8033,2,120
11949,11949,0,
11949,11957,0,
1195,1158,0,
1195,1195,0,
11958,11950,0,
11958,12285,0,
11959,11952,0,
11962,7645,2,540
11964,9376,0,
1198,665,0,
1198,704,0,
11998,11032,0,
1202,1307,2,360
1202,1355,0,
12020,11941,0,
12020,11942,0,
12020,11943,0,
12020,12022,0,
12020,12230,0,
12020,12231,0,
12020,12332,0,
12020,8020,2,120
12026,10467,2,360
12026,10513,2,360
12026,11119,2,480
12036,10399,2,180
12036,11302,2,420
12036,11526,0,
12036,12036,2,120
12036,4495,2,300
12036,4882,2,480
12036,77,0,
12036,8035,2,600
12036,8041,2,420
12043,7644,2,420
12054,10819,0,
12054,10823,0,
1206,785,2,300
1206,850,2,360
12063,12065,2,360
12063,12066,2,360
12064,12066,2,360
12065,12063,2,360
12065,12064,2,360
12066,12064,2,360
121,1510,2,420
12122,4340,0,
12134,797,0,
12134,838,2,300
12139,12139,0,
12155,12155,0,
12155,12695,2,420
12155,5042,0,
12155,5048,2,360
12155,6468,0,
12155,8059,0,
12168,12168,0,
12168,301,2,300
12168,646,0,
12168,744,2,300
12172,12495,2,360
12172,2095,2,300
12173,5352,2,300
12173,7095,2,300
12173,7166,2,300
12173,7214,2,300
12173,7259,0,
1218,2000,0,
1218,2035,0,
12204,7296,2,300
12205,12205,0,
12205,6730,2,300
12205,6734,2,360
12206,12207,2,360
12207,12206,2,300
12207,12207,0,
12207,12220,2,360
12207,6730,2,600
12209,12210,0,
12209,12211,0,
12209,12212,0,
12209,12228,0,
12209,12229,0,
12209,3155,0,
12209,3242,2,300
12213,12213,0,
12214,12214,0,
12217,12217,0,
12227,8657,0,
12227,8672,0,
12227,8676,0,
12227,8685,0,
12227,8687,0,
12227,8688,0,
12227,8689,0,
12227,8690,0,
12227,8691,0,
12227,8755,2,300
12228,12210,0,
12228,12211,0,
12228,12212,0,
12228,3155,0,
12228,3242,2,300
12229,12210,0,
12229,12211,0,
12229,12212,0,
12229,3155,0,
12230,11940,0,
12230,11941,0,
12230,11942,0,
12230,11943,0,
12230,12320,0,
12231,11940,0,
12231,11941,0,
12231,11942,0,
12231,11943,0,
12231,12020,0,
12231,12022,0,
12231,12319,0,
12231,12320,0,
12231,12332,0,
12232,12240,0,
12232,12241,0,
12232,12242,2,300
12233,12240,2,300
12233,12242,2,300
12234,11229,0,
12234,12321,0,
12234,12322,0,
12234,12647,0,
12234,3067,0,
12234,3195,0,
12234,3204,0,
12234,3334,0,
12234,3394,0,
12234,3533,0,
12234,3769,0,
12234,3904,0,
12234,3927,0,
12234,7643,0,
12235,11229,0,
12235,12321,0,
12235,12647,0,
12235,3053,0,
12235,3067,0,
12235,3195,0,
12235,3204,0,
12235,3334,0,
12235,3394,0,
12235,3533,0,
12235,3769,0,
12235,3904,0,
12235,3906,0,
12235,3927,0,
12235,7643,0,
12239,12208,0,
12240,12233,2,300
12241,12232,0,
12241,12233,0,
12241,12240,2,360
12242,12233,2,360
12242,12242,0,
12264,3984,0,
12264,9178,0,
12267,3315,2,300
12267,3331,0,
12272,3315,2,300
12272,3331,0,
12277,3314,2,300
12277,3333,0,
12291,3633,2,300
12291,3656,2,300
12293,7167,2,300
123,123,0,
123,1276,2,360
1231,11588,0,
1231,11589,0,
1231,11606,0,
1231,8044,2,300
1231,8073,2,300
1231,8754,2,300
1231,8763,2,300
12318,12857,2,300
12318,1482,0,
12318,1709,0,
12318,2742,2,300
12318,8139,0,
12318,963,0,
12329,10471,2,360
12330,415,2,300
12331,12823,2,420
12331,4494,2,420
12345,3376,0,
12348,1013,2,300
12348,11429,0,
12349,10827,2,300
12349,4065,2,360
12375,12375,0,
12375,8535,2,300
12381,12381,0,
12382,12382,0,
12386,11739,2,300
12395,6095,2,300
12406,1173,2,300
12406,12405,0,
12406,12409,0,
12406,12410,2,300
12406,12411,2,360
12406,2414,2,300
12406,2523,2,300
12406,2671,2,300
12406,2761,2,300
12406,2833,2,300
12406,8049,0,
12406,8068,0,
12409,1173,2,300
12409,12405,0,
12409,12409,0,
12409,12410,0,
12409,12411,0,
12409,2016,2,300
12409,2414,2,300
12409,2523,2,300
12409,2671,0,
12409,2761,2,300
12409,2833,0,
12409,8049,0,
12409,8068,0,
1242,437,2,600
1242,951,0,
12427,12427,0,
12427,12441,0,
12437,7106,2,360
12437,7108,2,300
12437,7140,0,
1244,2739,2,300
12478,10148,2,300
12478,9547,2,300
12492,6186,2,300
12497,12497,0,
12497,5382,2,300
12498,12498,0,
12498,7658,0,
12498,7727,0,
12498,7743,0,
12498,7827,0,
12498,8024,2,120
12498,8029,2,120
12499,12499,0,
12516,11331,2,360
12516,11332,2,300
12535,1016,2,120
12535,11272,2,360
12535,11706,2,360
12535,12535,0,
12535,4494,2,300
12535,4495,2,300
12535,4883,2,420
12535,8041,2,480
12535,9129,0,
12535,985,0,
1254,1079,0,
1254,1130,0,
1254,12667,2,300
1254,709,0,
12543,12543,0,
12543,6195,2,360
12546,6734,2,300
12548,11088,2,300
12548,11278,2,360
12548,12763,2,360
12548,12764,2,300
12556,695,2,300
12556,8045,2,300
12556,8072,2,300
12567,11874,2,300
12567,11875,2,360
12567,12836,2,360
12567,8750,2,300
12567,8759,2,300
1258,2000,0,
1258,2035,0,
12580,7768,0,
12580,7777,0,
12580,8025,2,120
12580,8028,2,120
12585,11103,0,
12585,11282,2,360
12585,11283,2,360
12585,11350,2,300
12596,12581,2,360
12600,11792,2,420
12600,11793,2,420
12600,11794,2,420
12600,12057,2,300
12600,12358,0,
12600,12359,0,
12600,12360,2,300
12600,12361,2,300
12600,12362,0,
12600,12363,0,
12625,301,2,300
12625,378,2,360
12625,646,2,300
12626,12168,0,
12626,12625,2,360
12626,301,2,360
12626,646,2,300
12631,1031,2,300
12631,1116,2,300
12632,1031,2,300
12632,1116,2,300
12636,12639,2,360
12636,7745,2,300
12636,7804,2,300
12637,10300,2,300
12637,10308,2,300
12639,12639,0,
12640,12640,0,
12650,9720,0,
1266,1846,0,
1266,2225,0,
12664,155,2,300
12664,256,0,
12665,1160,2,300
12665,1186,2,300
12665,1187,2,360
12665,12666,2,360
12666,1160,2,300
12666,1186,2,300
12666,1187,0,
12666,12666,0,
12667,1079,0,
12667,1130,2,300
12667,1254,2,300
12667,12667,0,
12667,659,2,300
12667,709,0,
12668,12134,2,300
12668,12668,0,
12668,650,2,300
12668,718,0,
12668,797,2,300
12668,838,2,300
12669,761,2,300
12669,812,2,300
12670,12670,0,
12670,199,2,360
12670,392,2,300
12671,12663,2,300
12671,12671,0,
12671,297,0,
12671,381,2,300
12672,761,0,
12672,812,2,300
12673,10893,2,300
12681,12375,2,360
12681,4496,2,420
12681,8040,2,360
12681,8535,2,300
12681,9128,2,420
12682,12686,2,360
12682,12687,2,300
12682,4186,2,300
12683,11639,2,300
12686,4212,2,360
12688,10873,2,120
12688,12688,2,120
12688,1761,2,120
12688,1775,2,120
12688,4067,0,
12688,4119,2,120
12688,4143,0,
12688,4163,0,
12688,4381,2,120
12688,4474,2,120
12688,451,0,
12688,452,2,120
12693,10865,0,
12693,10866,2,120
12693,10867,0,
12693,4242,0,
12693,4459,0,
12693,4471,0,
12693,4568,0,
12693,8037,0,
12693,989,0,
12696,4830,2,300
12716,11243,2,300
12716,11247,2,360
12716,11295,2,300
12716,11707,2,300
12716,12716,0,
12716,6512,2,300
12716,6753,0,
12717,11243,2,300
12717,11247,2,360
12717,11295,2,300
12717,11707,2,300
12717,12716,0,
12717,6512,2,300
12717,6753,0,
12721,11403,2,300
12721,329,2,300
12721,9136,0,
12736,12735,0,
12736,12736,0,
12738,12738,0,
12749,12822,2,360
12749,2120,2,300
12749,857,2,360
12749,887,2,300
1275,123,2,360
12751,2480,0,
12751,8584,2,300
12752,2480,0,
12752,8584,2,300
1276,1510,2,300
12763,11278,2,360
12763,11279,2,360
12763,11352,2,360
12763,12548,2,420
12764,11278,2,360
12764,11279,2,360
12764,11352,2,300
12764,12548,2,300
12764,12764,0,
12791,12791,0,
12791,9136,2,480
12793,10886,0,
12793,10887,0,
12793,10888,0,
12793,10889,0,
12793,10890,0,
12793,10892,0,
12793,12655,0,
12793,12793,0,
12804,11475,2,480
12805,11522,2,300
12805,12681,2,420
12805,31,2,180
12805,409,2,360
12805,44,2,300
12805,4882,2,360
12805,76,2,480
12805,8040,2,360
12805,8077,2,420
12805,8535,2,180
12810,12810,0,
12816,361,2,300
12818,10814,2,360
12818,179,2,360
12825,10034,2,360
12825,10972,2,300
12825,8747,2,300
12825,8756,2,300
12825,9952,2,300
12826,12826,0,
12826,12827,2,300
12826,1393,2,300
12826,1394,0,
12826,1858,2,300
12827,10071,2,300
12827,12826,2,300
12827,1393,2,300
12827,1394,2,300
12835,11874,2,360
12835,11875,2,420
12835,12567,2,300
12835,12835,0,
12835,12836,0,
12835,1401,2,300
12835,8750,2,360
12835,8759,2,360
12836,11874,2,360
12836,11875,2,480
12836,12567,2,360
12836,12835,0,
12836,12836,0,
12836,1401,2,300
12836,8750,2,360
12836,8759,2,360
12857,12318,2,300
12857,12857,0,
12857,1482,0,
12857,1709,0,
12857,2742,0,
12857,8139,2,300
12857,963,2,300
1300,10374,2,420
1300,10926,2,480
1301,892,0,
1301,9051,0,
1301,924,0,
1307,1151,2,360
1307,1202,2,360
1308,1537,0,
1308,1576,0,
1312,11007,0,
1312,11011,0,
1316,655,0,
1316,713,0,
1320,1320,0,
1320,1343,2,300
1320,1996,0,
1320,2039,0,
1327,1327,0,
1327,2160,2,600
1327,2227,2,540
1329,2160,2,360
1329,2227,0,
1329,7025,2,360
1330,1330,0,
1334,6958,2,480
1334,6992,2,480
1336,1336,0,
1337,1337,0,
1337,2160,2,600
1337,2227,2,480
1340,1340,0,
1343,1996,0,
1343,2039,2,300
1347,655,0,
1347,713,0,
1350,11007,0,
1350,11011,0,
1354,1537,0,
1354,1576,0,
1355,1151,0,
1355,1202,0,
1361,892,0,
1361,9051,0,
1361,924,0,
1362,10374,2,480
1362,10926,2,480
1379,1379,0,
1379,397,0,
1379,591,2,300
1391,1391,0,
1391,1479,2,300
1391,2769,0,
1393,1393,0,
1393,1394,2,360
1401,11874,2,360
1401,11875,2,360
1401,12836,2,300
1401,8750,2,360
1401,8759,2,360
1402,1402,0,
1409,1462,0,
1410,2553,0,
1410,9125,0,
1411,1411,0,
1413,1413,0,
1413,3101,2,300
1423,2472,0,
1423,8644,0,
1429,11911,0,
1429,2326,0,
1430,11682,2,300
1430,2263,0,
1442,11682,0,
1442,1442,0,
1442,2263,0,
1443,1430,2,300
1443,1443,0,
1444,11911,0,
1444,2326,0,
1451,2472,2,300
1457,1416,0,
1457,1457,0,
1457,2788,0,
1459,1413,2,360
1461,2553,0,
1461,9125,0,
1469,1557,2,300
1478,1478,0,
1479,1479,0,
1482,12318,0,
1482,12857,0,
1482,1482,0,
1482,1709,0,
1482,2742,0,
1482,8139,0,
1482,963,0,
1487,1487,0,
1505,310,0,
1505,370,0,
151,1988,0,
151,2047,0,
1510,121,2,420
1510,1276,2,300
1514,1039,0,
1514,1108,0,
1519,210,0,
1519,9124,0,
1522,341,2,300
1522,460,0,
1525,10799,0,
1525,11280,2,300
1525,11281,2,300
1525,423,0,
1530,169,0,
1530,248,0,
1533,789,0,
1533,847,0,
1537,1308,0,
1537,1354,0,
1544,1061,0,
1544,1086,0,
1546,1692,0,
1546,1728,0,
155,11622,0,
155,11632,0,
155,12664,2,300
155,255,0,
1550,1550,0,
1550,1563,0,
1550,1793,0,
1553,1559,2,300
1554,1554,0,
1554,1558,0,
1555,1404,0,
1557,1557,0,
1558,1558,0,
1561,1552,0,
1561,1561,0,
1561,2745,0,
1563,1550,0,
1563,1793,0,
1567,1692,0,
1567,1728,0,
1570,1061,0,
1570,1086,0,
1572,12556,2,300
1572,695,0,
1572,8045,0,
1572,8072,0,
1576,1308,0,
1576,1354,0,
1580,789,0,
1580,847,0,
1583,169,0,
1583,248,0,
1586,10799,0,
1586,11280,2,300
1586,11281,2,300
1586,423,0,
1589,341,2,300
1589,460,0,
1592,210,0,
1592,9124,0,
1596,1039,0,
1596,1108,0,
160,11103,0,
160,11282,2,300
160,11283,2,300
160,627,0,
1604,10969,0,
1604,1504,2,300
1604,313,2,360
1604,366,2,360
1614,11792,2,480
1614,11793,2,480
1614,11794,2,420
1617,1137,0,
1617,1190,0,
1622,2028,0,
1622,9987,0,
1633,12691,2,300
1633,1633,0,
1633,1668,2,300
1641,1641,0,
1641,2010,2,300
1642,1660,0,
1643,1659,0,
1643,9989,0,
1648,1160,0,
1648,1186,0,
1648,1187,0,
1648,12666,2,300
165,11020,0,
165,11500,0,
1659,1643,0,
1659,1659,0,
1659,2023,0,
1659,9989,0,
1660,12183,0,
1660,1642,0,
1660,1660,0,
1663,1640,2,300
1664,1638,2,300
1664,1664,0,
1679,2028,0,
1679,9987,0,
1683,1137,0,
1683,1190,0,
1685,11674,2,300
1685,1736,2,120
1685,8047,0,
1685,8070,0,
169,1530,0,
169,1583,0,
1692,1546,0,
1692,1567,0,
1697,906,0,
1697,911,0,
1708,1711,0,
1709,12318,0,
1709,12857,0,
1709,1482,0,
1709,2742,2,120
1709,8139,0,
1709,963,0,
1721,906,0,
1721,911,0,
1728,1546,0,
1728,1567,0,
1736,10921,0,
1736,11674,0,
1736,1685,0,
1736,1801,0,
1736,8047,0,
1736,8070,0,
1736,8563,0,
1743,11323,0,
1743,1743,0,
1743,2760,0,
1754,1754,0,
1754,2110,2,360
1754,2123,0,
1754,908,0,
176,12822,2,360
176,2120,0,
176,857,2,360
176,887,2,300
1761,10873,2,120
1761,1761,2,120
1761,1775,2,120
1761,4067,2,120
1761,4119,2,120
1761,4143,2,120
1761,4163,2,120
1761,4381,2,120
1761,451,2,120
1761,452,2,120
177,238,2,300
1771,1764,2,300
1775,10873,0,
1775,12688,0,
1775,1761,2,120
1775,1775,0,
1775,4067,0,
1775,4119,0,
1775,4143,0,
1775,4163,0,
1775,4381,2,120
1775,4474,2,120
1775,451,0,
1775,452,0,
178,238,0,
178,9067,0,
179,10352,0,
179,12818,2,360
1793,1550,0,
1793,1563,0,
1793,1793,0,
1808,1808,0,
1808,2163,2,300
1809,1852,0,
181,10480,2,300
181,1286,2,360
181,181,0,
181,235,0,
181,8043,0,
181,8074,0,
1824,2004,0,
1824,2032,0,
1828,1076,0,
1828,1133,0,
1832,1065,0,
1832,12393,0,
1832,1615,0,
1832,1832,0,
1832,8046,0,
1832,8071,0,
1833,1076,0,
1833,1133,0,
1838,2004,0,
1838,2032,0,
184,1283,2,360
1846,1211,0,
185,1283,2,300
185,231,0,
185,524,2,360
1852,1809,0,
1852,1852,0,
1856,1483,2,300
1856,1856,0,
1856,1857,2,300
1856,410,2,300
1857,409,0,
1858,1394,0,
1865,10092,0,
1865,1865,0,
1870,2938,2,300
1870,8802,2,300
1873,1877,0,
1875,2836,0,
1877,1877,0,
1885,1866,0,
1885,1885,0,
1886,10092,2,300
1886,1865,2,300
1886,1886,0,
1888,2939,0,
1888,9043,0,
189,11302,2,420
189,11535,2,420
189,189,0,
189,35,2,360
189,40,2,480
189,78,2,300
189,859,0,
189,9069,2,420
189,95,2,300
1892,1859,2,300
1892,1892,0,
1892,9061,2,300
190,1016,2,300
190,4494,2,360
190,4495,2,360
190,9129,2,360
1902,1902,0,
1907,12168,0,
1907,12626,0,
1907,1907,0,
1907,301,0,
1907,646,0,
1907,744,2,300
193,11522,0,
193,193,0,
193,45,2,480
195,761,2,300
195,812,2,300
1959,404,2,300
1971,1027,2,300
1971,1120,0,
1977,774,0,
1977,863,0,
198,202,0,
198,860,0,
1980,758,2,300
1980,815,2,300
1988,10812,0,
1988,151,0,
199,202,2,300
199,860,2,300
1992,801,0,
1992,834,0,
1996,1320,0,
1996,1343,2,300
1996,1996,0,
1996,2039,0,
2000,1218,0,
2000,1258,0,
2004,1824,0,
2004,1838,0,
2010,1641,2,300
2011,8642,2,300
2015,10330,0,
202,198,0,
202,199,2,300
202,287,2,300
202,392,2,300
2020,2020,0,
2021,2021,0,
2023,1659,0,
2023,9989,0,
2028,1622,0,
2028,1679,0,
2032,1824,0,
2032,1838,0,
2035,1218,0,
2035,1258,0,
2039,1320,0,
2039,1343,2,300
2044,801,0,
2044,834,0,
2047,10812,0,
2047,151,0,
2051,11284,2,300
2051,11285,2,300
2051,11349,0,
2051,994,0,
2054,758,2,300
2054,815,2,300
2058,774,0,
2058,863,0,
2062,1027,0,
2062,1120,0,
2081,405,0,
2081,584,0,
2098,2098,0,
210,1519,0,
210,1592,0,
2101,6949,0,
2101,7001,0,
2120,1143,2,300
2120,12749,2,300
2120,176,0,
2120,857,2,300
2120,8622,2,360
2123,2110,0,
2123,908,0,
213,10966,0,
213,10967,0,
215,547,2,300
2153,142,2,360
2156,10439,2,300
2156,9103,2,300
2160,1327,2,600
2160,1329,0,
2160,1337,2,600
2160,7025,0,
2166,2222,0,
2167,2221,2,300
2170,2170,0,
2170,2219,2,300
2170,9099,0,
218,218,0,
218,544,2,300
2189,3536,0,
2189,3624,0,
2214,2174,0,
2214,2214,0,
2221,2167,2,300
2221,2221,0,
2222,2166,0,
2222,2222,0,
2225,1211,0,
2225,2162,2,360
2227,1327,2,540
2227,1329,0,
2227,1337,2,480
2227,7025,0,
2231,827,2,360
2232,2232,0,
2234,142,2,360
2234,2153,0,
2261,2639,0,
2261,2648,0,
2263,1430,0,
2263,1442,0,
2264,11204,0,
2264,2264,0,
2264,2325,0,
2264,2444,0,
2266,11906,0,
2266,11909,0,
231,231,0,
2320,11732,0,
2320,2269,0,
2321,2268,0,
2321,2321,0,
2323,11906,0,
2323,11909,0,
2323,2266,0,
2323,2323,0,
2325,11204,0,
2325,2264,0,
2325,2444,0,
2326,1429,0,
2326,1444,0,
2328,2639,0,
2328,2648,0,
235,1286,2,360
235,235,0,
235,8043,0,
235,8074,0,
2354,2354,0,
2354,8054,0,
2354,8063,0,
2354,8978,0,
2355,2355,0,
236,10352,2,300
2390,2390,0,
2396,10854,2,480
2396,2386,2,300
2396,2399,2,300
2409,6086,0,
2410,5991,0,
2414,1173,0,
2414,2717,2,120
2414,2761,2,120
2414,2833,2,120
2417,2417,0,
2417,2491,0,
2418,2527,2,360
2428,2428,0,
2429,2429,0,
2430,2434,2,300
2444,11204,0,
2444,2325,0,
2472,1451,2,300
2476,2478,2,360
2477,10429,0,
2477,2630,0,
2477,2692,0,
2477,2799,0,
2477,3023,0,
2477,8051,0,
2477,8066,0,
2478,2429,0,
2478,2478,0,
2479,2428,2,300
248,1530,0,
248,1583,0,
2480,12751,0,
2480,12752,2,300
2489,2527,2,360
2491,2491,0,
25,11427,0,
251,11020,0,
251,11500,0,
2534,2534,0,
2539,8048,0,
2539,8069,0,
255,155,0,
255,256,0,
2553,1410,0,
2553,1461,0,
256,11622,2,300
256,11632,0,
256,12664,0,
256,255,0,
2590,10023,2,300
26,11542,0,
26,26,0,
2610,1168,0,
2610,1177,2,480
2610,1178,2,480
2613,2613,0,
2613,2764,0,
2613,8589,2,300
2622,2528,2,300
2622,3094,0,
2623,2418,2,360
2623,2489,2,300
2630,10429,0,
2630,2477,0,
2630,2692,0,
2630,2799,0,
2630,3023,0,
2630,8051,0,
2630,8066,0,
2639,2261,0,
2639,2328,0,
2646,3536,0,
2646,3624,0,
2648,2261,0,
2648,2328,0,
2656,10333,2,300
2663,10245,0,
2663,10288,0,
2663,2663,0,
267,2153,2,360
2671,1173,2,120
2671,2717,2,120
2671,2833,2,120
2688,2696,0,
2689,2695,0,
2692,10429,2,120
2692,2477,0,
2692,2630,0,
2692,2799,0,
2692,3023,0,
2692,8051,0,
2692,8066,0,
2708,2708,0,
2717,1173,0,
2717,12405,2,300
2717,12409,2,120
2717,12410,2,300
2717,12411,2,300
2717,2016,0,
2717,2414,0,
2717,2523,0,
2717,2671,0,
2717,2761,0,
2717,2833,0,
2717,8049,2,300
2717,8068,0,
2728,2728,0,
2741,2741,0,
2742,12318,0,
2742,12857,0,
2742,1482,0,
2742,1709,2,120
2742,2742,0,
2742,963,2,300
2743,1046,2,300
276,607,2,360
2761,1173,2,120
2761,2833,2,120
2765,1559,0,
2766,1393,2,300
2766,1858,2,360
277,276,2,480
2787,1463,0,
2788,2788,0,
2799,10429,0,
2799,2477,0,
2799,2630,0,
2799,2692,0,
2799,3023,0,
2799,8051,0,
2799,8066,0,
2807,2791,0,
2809,2789,0,
2836,1875,0,
2847,2941,0,
2847,2971,0,
286,12816,2,360
2860,2917,2,300
2860,2955,2,300
2863,8897,2,300
2869,3130,2,300
287,202,2,300
287,287,0,
287,392,0,
287,860,2,300
2917,2860,2,360
2917,3024,0,
2928,2941,0,
2928,2971,0,
2941,2847,0,
2941,2928,0,
2951,2860,2,360
2955,2860,2,300
2955,3024,0,
2959,3108,0,
296,132,0,
297,12663,2,300
297,297,0,
297,381,0,
2971,2847,0,
2971,2928,0,
2994,2838,2,480
30,11481,0,
30,11522,2,600
30,12681,2,480
30,193,2,1200
30,30,0,
30,44,2,300
30,4496,0,
30,45,0,
30,4883,2,360
30,9128,2,360
3023,10429,0,
3023,2477,0,
3023,2630,0,
3023,2692,0,
3023,2799,0,
3023,3023,0,
3023,8051,0,
3023,8066,0,
3024,2917,0,
3024,2955,0,
3029,1875,0,
3029,2836,0,
3041,3041,0,
3041,3080,0,
3046,3076,0,
3056,3064,2,300
3056,3825,2,360
3056,9494,2,360
3057,11108,0,
3057,3057,0,
3058,3058,0,
3058,3062,0,
3059,3479,0,
3059,3728,2,300
3062,3058,0,
3062,3062,0,
3064,3825,2,420
3065,3055,2,300
3066,3054,2,360
3068,3068,0,
3069,3069,0,
3076,3401,2,480
3077,3045,0,
3077,3077,0,
3084,3402,2,420
3085,3085,0,
3086,11443,0,
3091,3156,2,360
31,10399,2,480
31,11272,2,540
31,11523,2,480
31,12681,2,300
31,12805,2,300
31,409,2,300
31,4496,0,
31,76,2,420
31,8040,2,360
31,8077,2,360
31,9128,0,
31,9307,2,420
31,985,2,420
310,1505,0,
310,310,0,
310,370,0,
3108,2948,0,
3108,2959,0,
3117,2948,0,
3117,2959,0,
3129,1875,0,
3129,2836,0,
3129,3029,0,
313,10969,2,360
313,1604,2,360
3133,3133,0,
3133,3140,2,300
3133,3548,2,300
3133,3613,2,300
3140,3548,2,300
3140,3613,2,300
3153,3153,0,
3154,3244,2,300
3155,12210,0,
3155,12211,0,
3155,12212,0,
3155,12228,0,
3155,12229,0,
317,12816,2,300
317,317,0,
317,318,0,
317,361,2,300
317,9530,0,
3178,3220,0,
318,317,2,300
318,318,0,
318,361,2,360
318,9530,0,
3180,3218,0,
3181,11942,2,600
3181,11943,2,600
3181,3181,0,
3195,11229,0,
3195,12234,0,
3195,12235,0,
3195,12647,0,
3195,3053,0,
3195,3067,0,
3195,3195,0,
3195,3204,0,
3195,3334,0,
3195,3394,0,
3195,3533,0,
3195,3769,0,
3195,3904,0,
3195,3906,0,
3195,3927,0,
3195,7643,0,
3195,8021,2,60
3195,8032,2,60
3198,10132,2,300
3198,3975,0,
3204,3053,0,
3204,3067,0,
3204,3195,0,
3204,3204,0,
3204,3334,0,
3204,3394,0,
3204,3769,0,
3204,3904,0,
3204,3906,0,
3204,3927,0,
3204,7643,0,
3204,8021,2,120
3204,8032,2,120
3206,3206,0,
3207,12232,2,360
3207,12233,2,360
3207,12242,2,360
3214,3214,0,
3218,3218,0,
322,110,0,
322,322,0,
322,60,0,
3239,3159,0,
3242,12210,2,300
3242,12211,2,300
3242,12212,2,300
3242,12228,2,300
3242,12229,2,300
3242,3155,2,300
3273,3273,0,
3277,3277,0,
329,11403,2,360
329,12721,0,
329,329,0,
329,9136,2,300
3298,11827,2,360
3298,3298,0,
3298,3317,2,420
331,12791,2,300
331,331,0,
3314,12277,0,
3314,3954,0,
3315,12267,0,
3315,12272,0,
3317,11827,2,300
3317,3317,0,
3331,12267,2,300
3331,12272,0,
3333,12277,0,
3333,3954,0,
3334,11229,0,
3334,12647,0,
3334,3053,0,
3334,3067,0,
3334,3195,0,
3334,3204,0,
3334,3334,0,
3334,3394,0,
3334,3533,0,
3334,3769,0,
3334,3904,0,
3334,3906,0,
3334,3927,0,
3334,7643,0,
3334,8021,2,120
3334,8032,2,120
337,11014,0,
337,11021,2,300
3371,3589,0,
3371,3667,0,
3373,3373,0,
3373,8886,0,
3385,3385,0,
3385,3478,0,
3385,3779,0,
3385,3806,0,
3385,3816,0,
3385,3822,0,
3385,8022,0,
3385,8031,2,60
3386,3532,2,420
3386,8350,2,480
3394,12234,0,
3394,12647,0,
3394,3053,0,
3394,3067,0,
3394,3533,0,
3394,3769,0,
3394,3904,0,
3394,3906,0,
3394,3927,0,
3394,7643,0,
3394,8032,2,120
3401,3046,2,480
3401,8350,2,480
3407,3407,0,
3407,8797,0,
341,1522,0,
341,1589,0,
3410,3518,0,
3410,8847,0,
3411,3411,0,
3411,3443,2,300
3411,8818,0,
3418,3554,2,360
3419,3361,0,
3423,3423,0,
3423,3637,2,360
3428,231,0,
3428,2738,2,300
3428,429,2,360
3428,942,2,300
3429,81,2,480
3443,3411,0,
3443,3443,0,
3443,8818,0,
3448,3565,2,360
3449,3565,2,420
3449,3594,2,360
3476,3487,2,360
3478,3385,0,
3478,3806,0,
3478,3822,0,
3478,8022,2,120
3478,8031,2,120
3479,3059,2,300
3479,3479,0,
3479,8022,2,600
35,35,0,
35,40,2,300
35,8019,2,420
35,8035,2,480
35,8039,2,360
35,9069,2,300
351,351,0,
3515,3565,2,300
3515,3594,2,420
3517,3412,2,300
3518,3410,0,
3518,8820,0,
3532,3386,2,360
3532,3401,2,480
3533,12234,0,
3533,3053,0,
3533,3067,0,
3533,3195,0,
3533,3334,0,
3533,3394,0,
3533,3769,0,
3533,3904,0,
3533,3906,0,
3533,3927,0,
3533,7643,0,
3533,8032,2,120
3536,2189,0,
3536,2646,0,
354,599,2,300
3548,3133,2,300
3548,3140,2,300
3548,3613,2,300
3565,3449,2,480
3565,3515,2,300
358,358,0,
358,359,0,
358,596,0,
359,358,0,
359,359,0,
359,596,0,
3593,3515,2,360
3594,3449,2,300
3608,10067,2,480
3608,10068,2,420
361,12816,2,300
361,317,0,
361,318,0,
361,361,0,
361,9530,0,
3613,3133,2,300
3613,3140,2,300
3619,2345,0,
3619,3542,0,
3619,3619,0,
3624,2189,0,
3624,2646,0,
3628,2513,0,
3628,3628,0,
3628,3661,0,
3633,12291,2,300
3633,2349,2,360
365,10969,0,
365,1604,2,360
366,313,0,
366,366,0,
3694,3694,0,
3694,3732,0,
3695,3731,0,
3695,9397,2,300
3699,3679,0,
370,310,0,
3708,11567,2,360
3708,11685,2,480
3719,10567,2,480
3721,3721,0,
3723,10568,2,480
3723,10569,2,480
3731,3731,0,
3779,3478,0,
3779,3806,0,
3779,3822,0,
3779,8022,2,120
3784,10132,2,300
3784,3975,0,
3810,3810,0,
3815,3731,2,300
3816,3385,0,
3816,3478,0,
3816,3779,0,
3816,3806,0,
3816,3822,0,
3816,8022,2,120
3816,8031,2,120
3822,3385,0,
3822,3478,0,
3822,3779,0,
3822,3806,0,
3822,3816,0,
3822,3822,0,
3822,8022,2,120
3822,8031,2,120
3825,3064,2,360
3831,3856,2,300
3831,3878,2,300
3842,3842,0,
3842,9365,0,
3843,3843,0,
3847,3847,0,
3852,3852,0,
3852,3881,0,
3855,3831,2,360
3856,3898,2,360
3865,3865,0,
3865,9388,0,
3868,3868,0,
3869,3825,2,420
3869,7742,2,420
3872,3872,0,
3878,3855,2,360
3878,3856,2,360
3878,3878,0,
3878,3898,2,360
3885,3885,0,
3890,3843,0,
3898,3856,2,300
3898,3878,2,300
3900,9174,0,
3903,3826,2,420
3903,9240,2,420
3904,11229,0,
3904,12234,0,
3904,12235,0,
3904,12647,0,
3904,3053,0,
3904,3067,0,
3904,3195,0,
3904,3204,0,
3904,3334,0,
3904,3394,0,
3904,3533,0,
3904,3769,0,
3904,3904,0,
3904,3906,0,
3904,3927,0,
3904,7643,0,
3904,8021,2,120
3904,8032,2,120
3908,12238,2,300
3908,3782,2,360
3918,3918,0,
392,202,2,300
392,392,0,
392,860,0,
3943,3943,0,
3943,9179,0,
3944,3944,0,
3954,3314,0,
3954,3333,2,300
3964,3944,2,180
3965,9255,0,
3968,3979,0,
397,1379,0,
397,397,0,
397,63,0,
3973,12028,0,
3973,3801,0,
3975,3198,0,
3975,3784,2,300
3984,10138,2,300
40,11302,2,360
40,35,0,
40,8019,2,480
40,8035,2,420
40,8039,2,300
4002,3995,2,300
4004,4004,0,
4010,12735,2,360
4010,4010,0,
4010,4045,2,300
4015,4015,0,
4015,4055,0,
4016,10882,2,300
4016,4016,0,
4016,4018,2,360
4016,4054,0,
4016,4055,2,360
4018,10882,2,300
4018,4053,2,360
4018,4228,0,
4030,4030,0,
4043,10882,2,300
4043,4053,2,360
4043,4228,0,
4045,12735,2,360
4045,4010,2,300
4045,4045,0,
405,2081,0,
405,405,0,
405,4879,2,480
405,4887,2,480
405,584,0,
4050,4274,2,360
4052,4004,2,300
4052,4052,0,
4055,4015,2,300
4055,4055,0,
4061,12696,2,300
4061,4061,0,
4061,4830,2,300
4065,4371,0,
4065,4391,0,
4067,10873,0,
4067,12688,0,
4067,1761,0,
4067,1775,0,
4067,4067,0,
4067,4119,0,
4067,4143,0,
4067,4163,0,
4067,4381,0,
4067,4474,0,
4067,451,0,
4067,452,0,
407,4887,2,360
4071,4116,0,
4077,4077,0,
4087,4131,0,
409,12375,2,300
409,4496,2,360
409,8040,2,300
409,8535,0,
409,9128,2,360
410,12375,2,420
410,1856,2,300
410,410,0,
4107,4080,2,300
4107,4107,0,
4107,4168,2,300
4112,4144,2,300
4113,4074,2,300
4130,4100,0,
4138,4123,2,300
4138,4164,2,300
414,2737,2,300
4143,10873,0,
4143,12688,0,
4143,1761,0,
4143,1775,0,
4143,4067,0,
4143,4119,0,
4143,4143,2,120
4143,4163,0,
4143,4381,0,
4143,4474,0,
4143,451,0,
4143,452,0,
415,10465,2,360
415,10513,2,360
4154,4154,0,
4163,10873,2,120
4163,12688,2,120
4163,1761,2,120
4163,1775,0,
4163,4067,2,120
4163,4119,2,120
4163,4143,0,
4163,4163,2,120
4163,4381,0,
4163,4474,0,
4163,451,0,
4163,452,2,120
4188,4365,0,
4189,4189,0,
4189,4201,2,300
419,11019,0,
419,419,0,
419,483,0,
4190,4190,0,
4191,4191,0,
4191,4243,0,
4191,4301,0,
4204,12687,2,300
4204,4212,0,
4218,4371,0,
4218,4391,2,360
4220,11263,2,300
4224,4061,2,300
4228,10879,0,
4228,10882,0,
4228,4018,0,
4228,4228,0,
423,11280,2,300
423,11281,2,300
423,1525,0,
423,1586,0,
4239,4231,0,
4239,4239,0,
4242,10865,0,
4242,10867,0,
4242,12693,0,
4242,4242,0,
4242,4459,0,
4242,4471,0,
4242,4568,0,
4242,8037,0,
4242,989,0,
4243,4191,0,
4243,4243,0,
4243,4301,0,
4243,4514,0,
4295,4249,0,
4295,4295,0,
4296,4248,0,
4297,4247,0,
4301,4191,0,
4301,4243,0,
4301,4301,0,
4301,4514,0,
4304,4304,0,
4319,4319,0,
4323,4304,0,
4324,4398,0,
4326,4326,0,
4329,4427,2,300
4329,4500,2,300
4336,4360,2,360
4341,4342,0,
4346,4347,2,600
4346,4419,2,480
4347,4347,0,
4355,4355,0,
4355,8605,0,
4360,4560,2,420
4360,4569,2,300
437,437,0,
4371,4065,0,
4371,4218,0,
4371,4371,0,
4381,10873,2,120
4381,1761,2,120
4381,1775,2,120
4381,4067,0,
4381,4119,2,120
4381,4143,2,120
4381,4163,2,120
4381,451,2,120
4381,452,2,120
4384,4384,0,
4403,4560,2,420
4403,4569,2,300
4407,4537,2,300
4412,4599,2,360
4414,4353,2,360
4414,4414,0,
4416,4350,0,
4427,4329,0,
4427,4427,0,
4427,4500,2,420
4427,4567,2,360
4429,9944,2,300
4440,4440,0,
4443,4443,0,
4447,4534,2,360
4448,4448,0,
4456,11367,0,
4456,4456,0,
4459,10866,0,
4459,10867,0,
4459,12693,0,
4459,4242,0,
4459,4471,0,
4459,4568,0,
4459,8037,0,
4459,989,0,
4461,11867,0,
4461,4461,0,
4463,11639,2,360
4463,12683,2,360
4463,4463,0,
4468,11708,2,360
4471,10865,0,
4471,4242,2,120
4471,4459,0,
4471,8037,2,120
4471,989,2,120
4489,11639,2,360
4489,12683,2,300
4489,4463,2,300
4489,4489,0,
4489,9543,0,
449,450,2,360
4491,11867,0,
4491,4461,0,
4491,4491,0,
4491,4660,0,
4496,44,2,300
4496,8535,2,300
4500,4329,2,300
4504,4504,0,
4504,4517,0,
4505,4505,0,
4505,4516,0,
4506,4506,0,
451,10873,2,120
451,1761,2,120
451,1775,2,120
451,4067,2,120
451,4119,2,120
451,4143,2,120
451,4381,2,120
451,452,2,120
4514,4191,0,
4514,4243,0,
4514,4301,0,
4514,4514,0,
4517,4504,0,
4517,4517,0,
452,10873,2,120
452,1761,2,120
452,1775,2,120
452,4067,2,120
452,4119,2,120
452,4143,2,120
452,4163,0,
452,4381,2,120
452,451,2,120
453,493,2,360
4551,4551,0,
4560,4360,2,480
4567,4427,2,300
4567,4500,2,300
4568,10867,2,120
4568,4242,2,120
4568,4459,0,
4568,4471,0,
4568,4568,2,120
4568,8037,2,120
4568,989,0,
4569,4403,2,300
4579,4579,0,
4599,4447,0,
4599,4599,0,
460,1522,0,
460,1589,0,
4608,4608,0,
4629,4689,0,
463,11014,2,300
463,11021,0,
4640,4678,0,
4642,12163,2,300
4644,4644,0,
4644,4674,0,
4647,4670,0,
4652,4652,0,
4652,4665,0,
4654,4654,0,
4654,4832,0,
4656,11867,2,420
4656,4461,2,420
4656,4656,0,
4660,11867,0,
4660,4491,0,
4674,4644,0,
4674,4674,0,
4722,10819,0,
4722,10823,0,
4734,8636,0,
4750,10819,0,
4750,10823,0,
4756,10328,2,300
4756,4756,0,
48,11563,2,300
48,98,0,
4817,4817,0,
4830,4061,2,300
4830,4830,0,
4845,4845,0,
4845,4939,0,
4845,5093,0,
4845,5230,0,
4845,5244,0,
4845,5553,0,
4845,5997,0,
4845,6080,0,
4845,6455,0,
485,12713,2,300
485,418,2,300
485,485,0,
4879,405,2,480
4879,407,2,300
4879,542,2,360
4879,584,2,600
4881,10399,2,300
4881,11706,0,
4881,4495,2,420
4881,4496,2,420
4881,4881,0,
4881,8041,2,420
4881,9128,2,480
4881,9129,2,480
4881,97,2,360
4882,11272,2,420
4882,4882,0,
4887,4887,0,
4915,11826,2,360
4915,4849,2,300
4917,4847,2,300
4917,4918,0,
4925,5567,2,360
4925,5615,0,
4928,4928,0,
4928,9961,0,
4929,4929,0,
4933,5567,0,
4933,5615,0,
4936,11121,0,
4936,4922,0,
4936,6081,2,300
4939,4845,0,
4939,4939,0,
4939,5093,0,
4939,5230,0,
4939,5244,0,
4939,5553,0,
4939,5997,0,
4939,6080,0,
4939,6455,0,
4949,5019,0,
4949,5074,0,
4959,4959,0,
4959,4974,0,
4959,5133,0,
4961,4961,0,
4961,4962,0,
4961,4972,0,
4961,5253,2,300
4962,4961,0,
4962,4962,0,
4962,4972,0,
4962,5253,2,300
4965,10896,2,300
4965,10897,2,300
497,442,2,360
497,497,0,
497,676,2,300
497,955,2,600
4972,4961,0,
4972,4962,0,
4972,4972,0,
4972,5253,0,
498,441,2,300
4984,5019,0,
4984,5074,0,
5003,8615,2,360
5004,5009,2,300
5007,11895,0,
5007,5007,0,
5015,11628,2,480
5015,11629,2,480
5019,4949,0,
5019,4984,0,
5019,5019,0,
5019,5074,0,
5021,5104,0,
5021,5140,0,
5024,5068,0,
5025,11127,0,
5025,11130,0,
5025,5025,0,
5029,5029,0,
503,1244,0,
503,2739,2,300
503,503,0,
503,951,0,
5034,5656,0,
5034,5678,0,
5037,5719,0,
5037,5725,0,
5039,5039,0,
5040,5039,2,360
5040,5050,2,300
5040,5794,2,360
5042,12155,0,
5042,12695,2,420
5042,5042,0,
5042,5048,2,420
5042,6468,2,480
5042,8059,0,
5052,5719,0,
5052,5725,0,
5055,5656,0,
5055,5678,0,
5059,11701,2,360
5065,5028,0,
5065,5255,0,
5066,5066,0,
5067,11127,0,
5067,11130,0,
5069,5069,0,
5069,5250,0,
5072,5104,0,
5072,5140,0,
5074,4949,0,
5074,4984,0,
5077,11629,2,480
5104,5021,0,
5104,5072,0,
5111,5059,0,
5117,5659,0,
5117,5675,0,
5119,5119,0,
5119,5125,0,
5119,5723,0,
512,1244,2,600
5122,10880,0,
5122,10881,2,300
5122,11764,0,
5122,11882,0,
5122,5045,0,
5122,5122,0,
5122,5262,0,
5122,5494,0,
5122,5667,0,
5122,5768,0,
5122,5769,0,
5122,5793,0,
5122,5891,0,
5122,6467,0,
5124,5124,0,
5127,5659,0,
5127,5675,0,
5138,11128,0,
5138,11129,0,
5140,5021,0,
5140,5072,0,
5148,5148,0,
5148,5890,2,120
5148,7639,2,120
5148,8062,0,
5176,5188,0,
5176,5900,0,
5180,11664,2,480
5180,5180,0,
5180,5183,2,360
5180,9720,0,
5183,11664,2,420
5183,5180,2,360
5183,5183,0,
5183,9720,2,480
5187,5187,0,
5216,6736,2,120
5216,7468,0,
5216,7469,2,120
5216,7591,2,120
5216,7635,0,
5230,4845,0,
5230,4939,0,
5230,5093,2,120
5230,5244,0,
5230,5553,0,
5230,6080,0,
5230,6455,0,
5242,5218,2,360
5242,6728,0,
5242,6738,0,
5250,5069,0,
5250,5250,0,
5250,5256,0,
5250,5869,0,
5253,4961,0,
5253,4972,0,
5255,5065,0,
5256,5069,0,
5256,5250,0,
5256,5256,0,
5256,5869,0,
5274,5419,0,
5274,6060,0,
5275,5275,0,
5275,5419,2,360
5285,5285,0,
5285,5410,0,
5285,6113,0,
5285,6478,0,
5287,11592,2,360
5287,5287,0,
5287,5805,0,
5287,5826,0,
5288,11592,2,360
5288,5805,0,
5288,5826,0,
5295,5919,0,
5295,5960,0,
5311,5311,0,
5323,5323,0,
5332,11331,2,300
5332,11332,2,300
5335,11754,2,360
5335,5381,2,300
5336,5336,0,
5336,7100,2,300
5336,8989,2,600
5341,11775,0,
5341,5365,0,
5341,5376,0,
5342,5364,0,
5350,5350,0,
5350,9412,2,360
5352,12173,2,300
5352,5352,0,
5352,7095,0,
5352,7166,0,
5352,7207,0,
5352,7214,0,
5352,7259,0,
5354,5354,0,
5358,5346,2,300
5359,5359,0,
5360,5345,0,
5360,7150,2,360
5360,7169,2,300
5374,5374,0,
5381,5381,0,
5389,10671,0,
5389,5325,0,
5389,5389,0,
5404,10163,2,600
5404,10642,0,
5404,5404,0,
5405,5298,0,
5408,5919,0,
5408,5960,0,
5410,5285,0,
5410,6113,0,
5410,6478,0,
542,4887,0,
5428,5428,0,
5431,5431,0,
5431,5548,2,360
5431,6089,2,360
5435,5435,0,
5436,11704,0,
5436,5436,0,
5436,5542,0,
5436,6139,0,
5436,6174,0,
5436,8854,0,
5437,5437,0,
5445,5445,0,
5446,5526,2,360
5446,5528,2,360
545,11403,2,300
545,218,2,360
545,545,0,
545,8640,0,
545,9136,0,
5456,11074,0,
5456,5456,0,
5456,5516,0,
5456,6459,0,
5458,5514,2,300
5458,5703,2,300
5463,11860,2,480
5463,11861,2,480
5463,5463,0,
5463,5510,2,300
5463,5634,2,300
5463,5744,2,300
5463,6077,2,480
5464,5593,0,
5464,5700,0,
5464,5743,0,
5464,6000,0,
5464,6077,0,
5465,11861,2,600
5465,5594,0,
5467,5638,2,300
5474,11077,2,300
5474,11078,2,300
549,10966,0,
549,10967,2,360
5494,10880,2,120
5494,11764,2,300
5494,11882,0,
5494,5045,2,120
5494,5122,2,120
5494,5262,2,120
5494,5667,2,120
5494,5768,2,120
5494,5769,2,120
5494,5793,2,120
5494,6467,2,120
5498,11077,2,360
5498,11078,2,360
55,55,0,
5505,5638,2,300
5505,5697,2,360
5507,5507,0,
5507,5701,2,360
5509,11858,0,
5509,11860,0,
5509,11861,2,300
5509,5464,0,
5509,5507,2,360
5509,5509,0,
5509,5593,0,
5509,5633,0,
5509,5700,0,
5509,5701,2,480
5509,5743,0,
5509,6000,0,
5509,6077,0,
5514,5514,0,
5516,11074,0,
5516,6459,0,
5528,5446,0,
5528,5528,0,
5531,6094,2,300
5532,5444,0,
5533,5444,2,300
5533,9021,2,300
5535,11755,0,
5535,5441,0,
5538,5538,0,
5539,5539,0,
5540,6341,2,300
5542,5542,0,
5542,6088,0,
5542,6195,2,360
5542,6340,2,300
5547,5432,2,300
5547,5547,0,
5547,6321,2,360
5553,4845,0,
5553,4939,0,
5553,5093,2,120
5553,5230,0,
5553,5244,2,120
5553,5997,2,120
5553,6080,2,120
5553,6455,0,
5557,5557,0,
5557,5629,0,
5557,5998,0,
5561,11122,0,
5561,5583,0,
5567,4925,0,
5567,4933,0,
5583,11122,0,
5583,5561,0,
5583,5583,0,
5583,5623,0,
5585,5621,0,
5585,6464,0,
5588,5588,0,
5591,5596,0,
5591,5706,0,
5591,6078,0,
5593,11858,0,
5593,11860,0,
5593,11861,2,300
5593,5464,0,
5593,5509,0,
5593,5593,0,
5593,5633,0,
5593,5700,0,
5593,5701,2,480
5593,5743,0,
5593,6000,0,
5593,6077,0,
5596,5596,0,
5596,6078,0,
56,11016,0,
56,114,0,
5601,5621,0,
5601,6464,0,
561,12670,2,300
561,287,2,300
5615,4925,2,360
5615,4933,0,
5621,5585,0,
5621,5601,0,
5623,11122,0,
5623,5561,0,
5623,5583,0,
5623,5623,0,
5628,5629,0,
5628,5998,0,
5629,5557,0,
5629,5628,0,
5629,5998,0,
5633,11858,0,
5633,11860,0,
5633,11861,2,300
5633,5593,0,
5633,5700,0,
5633,5743,0,
5633,6000,0,
5633,6077,0,
5637,5467,2,300
5641,5708,0,
5641,5737,0,
5644,5690,0,
5644,6462,0,
5651,11131,0,
5651,11132,0,
5656,5034,0,
5656,5055,0,
5659,5117,0,
5659,5127,0,
5661,5673,0,
5661,5837,0,
5664,5670,0,
5665,5665,0,
5665,5668,0,
5666,5668,2,300
5675,5117,0,
5675,5127,0,
5678,5034,0,
5678,5055,0,
5683,11131,0,
5683,11132,0,
569,110,0,
569,60,0,
5693,5708,0,
5693,5737,0,
5697,5467,2,360
5697,5505,2,360
5700,11858,0,
5700,11860,0,
5700,11861,2,300
5700,5464,0,
5700,5593,0,
5700,5700,0,
5700,5743,0,
5700,6000,0,
5700,6077,0,
5701,5594,2,360
5701,5701,0,
5706,6078,0,
5708,5641,0,
5708,5693,0,
5715,11133,0,
5715,11134,0,
5719,5037,0,
5719,5052,0,
5725,5037,0,
5725,5052,0,
5729,11133,0,
5729,11134,0,
5737,5641,0,
5737,5693,0,
5741,5703,2,300
5756,11135,0,
5756,5756,0,
5756,5781,0,
5756,5797,0,
5761,5796,2,360
5762,6469,0,
5762,6480,0,
5769,10880,0,
5769,10881,0,
5769,11764,0,
5769,11882,0,
5769,5045,0,
5769,5122,0,
5769,5262,0,
5769,5494,0,
5769,5667,0,
5769,5668,0,
5769,5768,0,
5769,5769,0,
5769,5793,0,
5769,5891,0,
5769,6467,2,300
5769,8057,2,300
5769,8060,2,300
5776,6469,2,300
5777,5761,0,
5777,5777,0,
5781,11135,0,
5781,5797,0,
5792,5745,0,
5792,5937,2,360
5797,11135,0,
5797,5756,0,
5797,5781,0,
5797,5797,0,
5801,5955,0,
5801,6004,0,
5803,5954,0,
5803,6114,0,
5805,5287,2,360
5805,5288,2,360
5811,5820,0,
5811,8967,0,
5813,11490,0,
5813,5818,0,
5813,5909,0,
5815,11664,2,300
5815,5180,2,360
5815,5183,2,300
5815,5815,0,
5815,9720,0,
5826,11592,0,
5826,5287,2,300
5826,5288,2,360
5826,5805,0,
5826,5826,0,
5828,5954,0,
5828,6114,0,
5830,5955,0,
5830,6004,0,
5834,5761,2,300
5834,5777,2,300
584,405,0,
584,4887,2,480
584,584,0,
5844,5844,0,
5844,8056,2,300
5844,8061,2,300
5845,9929,2,300
585,11473,2,300
585,585,0,
5854,10159,0,
5860,5845,0,
5860,5860,0,
5860,9929,2,300
5862,5844,0,
5869,5069,0,
591,1379,0,
591,397,0,
591,591,0,
591,63,0,
5918,11137,0,
5918,9452,0,
5919,5295,0,
5919,5408,0,
5935,11907,2,300
5935,5938,2,300
5935,6015,2,300
5954,5803,0,
5954,5828,0,
5955,5801,0,
5955,5830,0,
596,596,0,
5960,5295,0,
5960,5408,0,
5961,11137,0,
5961,9452,0,
5975,5975,0,
5991,2410,0,
5991,5991,0,
5997,4845,0,
5997,4939,0,
5997,5093,0,
5997,5230,0,
5997,5244,0,
5997,5553,0,
5997,6080,0,
5997,6455,0,
5998,5557,0,
5998,5628,0,
60,110,0,
60,11113,0,
60,322,2,300
60,569,0,
60,60,0,
6004,5801,0,
6004,5830,0,
6006,6006,0,
6006,6068,2,300
6006,6470,2,300
6006,6479,2,300
6019,11123,0,
6019,11124,0,
6038,10189,2,360
6039,10189,0,
6039,10701,2,360
6039,6038,2,360
604,10481,0,
6051,11075,0,
6051,11076,0,
6068,6006,2,300
6068,6470,0,
6068,6479,0,
6073,11123,0,
6073,11124,0,
6080,4845,0,
6080,4939,0,
6080,5093,0,
6080,5244,0,
6080,5553,0,
6080,6080,0,
6080,6455,0,
6086,2409,0,
6086,6086,0,
6088,11704,2,360
6088,12543,2,360
6088,6088,0,
6088,6174,2,300
6088,6195,0,
6088,8854,2,300
6094,6094,0,
6095,12395,2,300
6103,12260,2,300
6103,6103,0,
6103,6126,2,360
6107,11905,0,
6107,6107,0,
6107,6120,0,
6113,5285,0,
6113,5410,0,
6113,6478,0,
6114,5803,0,
6114,5828,0,
6116,5925,0,
6116,6111,0,
6116,6116,0,
6124,6028,0,
6124,6053,0,
6124,6124,0,
613,1,2,300
613,613,0,
6132,12395,2,420
6132,9062,2,360
6139,11704,2,300
6139,12543,2,360
6139,5436,0,
6139,5542,0,
6139,6088,0,
6139,6139,0,
6139,6174,0,
6139,6195,2,300
6139,8854,0,
6146,6146,0,
6146,6222,0,
6146,6223,0,
6148,6148,0,
6148,6220,0,
6153,6280,0,
6154,6214,0,
616,1487,2,480
6166,6166,2,180
6167,6343,0,
6167,6354,2,300
6170,6170,2,180
6172,6172,0,
6172,6197,2,300
6172,6357,0,
6173,12543,2,360
6173,5542,2,420
6173,6174,2,300
6173,6195,2,300
6173,6340,2,300
6173,6357,2,300
6173,8854,2,360
6174,11704,2,300
6174,12543,2,420
6174,5436,0,
6174,5542,0,
6174,6088,2,360
6174,6139,0,
6174,6174,0,
6174,6195,2,300
6174,6340,2,300
6174,8854,0,
6175,10437,0,
6194,10437,0,
6194,6175,0,
6194,6466,0,
6195,5542,2,360
6195,6088,0,
6195,6139,2,360
6195,6174,2,420
6195,6195,0,
6195,6340,2,300
6195,8854,2,360
6198,6198,0,
6204,6164,0,
6204,6204,0,
6214,6154,0,
6214,6214,0,
6215,6153,0,
6215,6215,0,
6215,6280,0,
6217,6151,0,
6217,6217,0,
6217,6373,2,300
6219,6149,0,
6220,6220,0,
6222,6223,0,
6230,6230,0,
6230,6351,0,
6247,6247,0,
6247,6312,0,
6255,6255,0,
6256,6303,0,
627,11354,2,300
627,160,0,
628,4494,2,360
628,628,0,
6280,6153,0,
6280,6215,2,300
6280,6280,0,
6297,6261,2,300
6297,6297,0,
6298,6298,0,
63,1379,0,
63,397,0,
63,591,0,
6305,6305,0,
6310,6249,2,300
6310,6310,0,
6313,5547,2,360
6318,6318,0,
6335,6362,0,
6339,11364,0,
6339,6339,0,
6340,11704,2,360
6340,12543,2,360
6340,6088,0,
6340,6139,2,300
6340,6174,2,300
6340,6195,2,300
6340,6340,0,
6340,8854,2,300
6354,6196,2,300
6354,6343,2,300
6354,6354,0,
6356,6341,2,300
639,1,2,300
639,639,0,
6455,4845,0,
6455,4939,0,
6455,5093,0,
6455,5230,0,
6455,5244,0,
6455,5553,0,
6455,5997,0,
6455,6080,0,
6455,6455,0,
6456,10880,0,
6456,10881,0,
6456,11764,0,
6456,11882,0,
6456,5045,0,
6456,5122,0,
6456,5262,0,
6456,5494,0,
6456,5667,0,
6456,5768,0,
6456,5769,0,
6456,5793,0,
6456,5891,0,
6456,6467,0,
6456,8057,0,
6456,8060,0,
6459,11074,0,
6459,5456,0,
6459,5516,0,
6459,6459,0,
646,12168,0,
646,12625,2,300
646,12626,2,300
646,1907,0,
646,301,2,300
646,646,0,
646,744,2,300
6464,5585,0,
6464,5601,0,
6466,6175,0,
6466,6194,0,
6466,6466,0,
6467,10880,0,
6467,11764,2,300
6467,11882,0,
6467,5045,0,
6467,5122,0,
6467,5262,0,
6467,5494,0,
6467,5667,2,120
6467,5768,2,300
6467,5769,0,
6467,5793,0,
6467,5891,0,
6467,8057,0,
6467,8060,0,
6469,5776,2,300
6470,6006,0,
6470,6068,0,
6470,6470,0,
6470,6479,2,300
6472,5336,2,480
6472,6472,0,
6475,10199,2,360
6475,6475,0,
6475,7102,0,
6478,5285,0,
6478,5410,0,
6478,6113,0,
6479,6006,0,
6479,6068,0,
6480,5762,0,
6480,5776,2,300
6483,6483,0,
6483,6578,2,360
6489,6820,0,
650,797,0,
650,838,0,
6504,6548,2,300
6508,6508,0,
6508,6545,2,360
6508,6888,2,300
6510,10522,2,300
6512,6512,0,
6532,6949,2,300
6532,7001,0,
6534,12312,2,300
6535,2098,2,300
655,1316,0,
655,1347,0,
6563,6820,0,
6563,6858,2,300
6566,11208,0,
6566,6486,0,
6566,6802,0,
6572,9634,0,
6578,6482,0,
6578,6578,0,
6587,6808,0,
6587,6908,2,300
659,1079,0,
659,1130,0,
659,12667,2,300
659,709,0,
6590,9564,0,
6590,9580,0,
6600,6881,0,
6600,6895,2,300
6603,6634,2,300
6603,6684,2,300
6605,6608,2,360
6610,6610,0,
6610,6753,2,360
663,11009,0,
663,11015,0,
6630,11293,2,360
6630,11388,2,360
6630,11471,2,360
6630,6630,0,
6637,6881,0,
6637,6895,0,
6646,9564,0,
6646,9580,0,
6648,6808,0,
6648,6908,0,
665,1198,0,
665,666,0,
666,1198,0,
666,665,0,
666,666,0,
666,704,0,
6661,11932,0,
6661,6781,0,
6675,9570,0,
6675,9574,0,
668,11623,0,
668,669,0,
6682,2098,2,420
6682,8380,2,360
669,11623,0,
669,668,0,
669,701,0,
6691,9570,0,
6691,9574,0,
6700,6667,2,360
6700,6739,0,
6703,8326,0,
6704,6768,2,420
6704,6781,2,480
6706,8282,2,300
6725,6921,0,
6725,6942,0,
6727,5216,2,120
6727,6727,0,
6727,6736,2,120
6727,7468,0,
6727,7469,2,120
6727,7591,2,120
6727,7635,0,
6728,5218,0,
6730,12205,2,360
6730,12546,2,300
6733,6731,2,360
6733,6733,0,
6734,12205,2,300
6734,12546,2,300
6734,6730,2,360
6734,6734,0,
6736,5216,2,120
6736,6727,0,
6736,7468,0,
6736,7469,2,120
6736,7591,2,120
6736,7635,0,
6738,5218,0,
6738,6738,0,
6741,6921,0,
6741,6942,0,
675,675,0,
6753,11243,0,
6753,11247,2,300
6753,11295,0,
6753,11707,2,300
6753,12716,0,
6753,6753,0,
6765,6915,0,
6766,6766,0,
6766,6783,0,
6777,6777,0,
6778,6778,0,
678,678,0,
678,955,2,300
6781,11932,0,
6781,6661,0,
6781,6781,0,
6781,8283,2,480
6781,8483,2,480
6805,9560,0,
6808,6587,0,
6808,6648,0,
6820,6489,0,
6820,6563,0,
6823,9562,0,
6823,9582,0,
6838,6884,2,300
6838,6892,2,300
6840,10519,2,300
6840,6608,2,420
6840,6841,2,300
6858,6489,0,
6858,6563,0,
6868,6868,0,
6874,9567,0,
6881,6600,0,
6881,6637,0,
6884,6838,0,
6884,6843,2,300
689,690,0,
689,728,0,
6892,6843,2,300
6895,6600,0,
6895,6637,0,
690,689,0,
690,898,0,
6902,9567,0,
6902,9577,0,
6908,6587,0,
6908,6648,0,
6919,6919,0,
6919,6944,0,
6921,6725,0,
6921,6741,0,
694,722,2,300
6942,6725,0,
6942,6741,0,
6949,2101,0,
695,12556,2,300
695,1572,0,
695,8045,0,
695,8072,0,
6951,6951,0,
6951,6999,0,
6951,8385,0,
6958,1334,2,480
6958,6958,0,
6958,6992,0,
696,1283,0,
696,232,2,300
696,2738,2,360
696,524,0,
696,942,2,360
6969,6987,2,360
6969,9849,2,420
6971,6971,0,
6987,9849,2,360
6988,6962,0,
6988,6988,0,
6991,6959,0,
6991,6991,0,
6991,7046,0,
6992,1334,2,480
6994,6994,0,
7001,2101,0,
7001,6532,0,
701,11623,0,
701,669,0,
702,1538,0,
702,667,0,
702,702,0,
7023,8823,0,
7025,1329,2,360
7025,2160,0,
7025,2227,0,
7029,7029,0,
7036,7036,0,
704,1198,0,
704,666,0,
7050,7050,0,
706,11009,0,
706,11015,0,
7070,7070,0,
7081,7177,2,300
7086,7086,0,
7086,7172,0,
709,1254,0,
709,659,0,
7091,7092,2,360
7093,7093,0,
7093,7097,0,
7095,7166,0,
7095,7207,0,
7095,7214,0,
7095,7259,0,
7096,7096,0,
7100,7100,0,
7100,9492,2,300
7102,6475,0,
7106,7106,0,
7106,7108,0,
7106,7140,2,300
7108,12437,2,300
7108,7106,2,300
7125,7123,0,
713,1316,0,
713,1347,0,
7140,12437,0,
7140,7106,2,300
7145,10629,2,360
7150,5345,2,300
7154,8952,2,360
7155,7155,0,
7166,5352,0,
7166,7095,0,
7166,7166,0,
7166,7207,0,
7166,7214,0,
7166,7259,0,
7169,5345,2,300
7171,7171,0,
7173,7173,0,
718,650,0,
718,718,0,
718,797,0,
718,838,0,
7192,7192,0,
7198,11753,0,
7198,7188,0,
7198,7198,0,
7199,7187,2,360
7207,12173,2,300
7207,5352,0,
7207,7095,0,
7207,7166,0,
7207,7214,0,
7207,7259,0,
7214,12173,0,
7214,5352,0,
7214,7095,0,
7214,7166,0,
7214,7207,0,
7214,7214,0,
7214,7259,0,
7217,7217,0,
7223,8960,2,360
7259,12173,0,
7259,5352,0,
7259,7095,0,
7259,7166,0,
7259,7207,0,
7259,7214,0,
7259,7259,0,
728,689,0,
728,898,0,
7281,7281,0,
7302,7302,0,
7306,7306,0,
7328,7261,2,300
7347,12188,2,300
7357,8960,2,300
737,442,2,600
737,678,0,
737,742,2,300
738,441,2,600
7380,7380,0,
74,11563,2,300
74,75,0,
74,98,0,
7416,8922,2,300
742,737,2,300
742,955,0,
7429,7495,0,
744,12168,2,300
744,12625,2,300
744,12626,2,300
744,1907,0,
744,301,0,
744,646,0,
744,744,0,
7444,7444,0,
7444,7503,0,
7444,7562,0,
7445,7445,0,
7446,7493,0,
7446,7501,0,
7446,7533,0,
7449,7450,2,120
7449,7555,0,
745,12027,0,
7450,7450,0,
7450,7489,0,
7460,7460,0,
7464,7475,2,360
7464,7576,0,
7468,5216,0,
7468,6727,0,
7468,6736,0,
7468,7468,0,
7468,7469,0,
7468,7591,0,
7468,7635,0,
7469,5216,2,120
7469,6736,2,120
7469,7591,2,120
7469,7635,2,120
7478,7461,2,360
7478,7478,0,
7489,7489,0,
7493,7446,0,
7493,7493,0,
7493,7533,0,
75,11427,2,480
75,11542,2,420
75,48,0,
75,74,0,
7501,7493,0,
7501,7501,0,
7503,7503,0,
7516,7516,0,
7525,11206,0,
7525,7525,0,
7525,7563,0,
7544,7544,0,
7572,7572,0,
7576,7629,0,
758,1980,0,
758,2054,0,
7591,5216,2,120
7591,6727,0,
7591,6736,2,120
7591,7468,2,120
7591,7469,2,120
7591,7591,2,120
7591,7635,0,
76,12681,2,300
76,76,0,
76,8040,2,420
76,8535,2,360
76,9128,2,480
76,9307,0,
7602,7602,0,
761,12669,2,300
761,12672,0,
761,195,2,300
761,811,0,
7622,7622,0,
7635,6736,0,
7635,7468,0,
7635,7469,0,
7635,7591,0,
7635,7635,0,
7639,5148,0,
7639,5890,0,
7639,7639,0,
7643,12234,0,
7643,12647,0,
7643,3053,0,
7643,3067,0,
7643,3394,0,
7643,3533,0,
7643,3769,0,
7643,3904,0,
7643,3906,0,
7643,3927,0,
7643,8032,2,120
7644,12043,2,360
7649,7649,0,
7650,11559,2,360
7650,7650,0,
7650,7736,2,300
7650,8023,0,
7650,8030,0,
7652,7652,0,
7656,10277,2,300
7656,7729,2,300
7658,12498,0,
7658,7743,0,
7658,7827,0,
7658,8024,2,120
7658,8029,2,120
7662,7828,2,300
7666,10299,2,420
7666,10310,2,420
767,1018,0,
7672,7714,2,300
7672,9652,2,300
7680,7680,0,
7685,12444,2,300
7685,7685,0,
7685,7703,2,300
7699,10215,0,
7699,10516,0,
77,10400,0,
77,11302,2,360
77,11438,2,360
77,11526,0,
77,11616,0,
77,77,0,
77,96,0,
7703,12444,2,300
7703,7685,2,300
7707,10345,2,300
7719,10299,2,420
7719,10310,2,420
7727,12498,0,
7727,7743,0,
7727,7827,0,
7727,8024,2,120
7727,8029,2,120
7732,11976,0,
7732,7654,2,300
7732,7732,0,
7736,8023,0,
7736,8030,0,
7737,7737,0,
774,1977,0,
774,2058,0,
774,774,0,
774,863,0,
7742,3056,2,360
7742,3872,2,420
7743,12498,0,
7743,7658,0,
7743,7727,0,
7743,7827,0,
7743,8024,2,120
7743,8029,2,120
7745,12639,2,300
7768,12580,0,
7768,7768,0,
7768,7777,0,
7768,8025,2,120
7768,8028,2,120
7771,7680,2,300
7777,8028,2,120
779,779,0,
779,857,0,
78,11438,2,360
78,35,2,360
78,78,0,
78,8019,2,480
78,8035,2,540
78,938,2,360
78,95,0,
7804,12639,2,300
782,10619,0,
782,10620,2,300
7827,12498,0,
7827,7658,0,
7827,7727,0,
7827,7743,0,
7827,8024,2,120
7827,8029,2,120
785,1147,2,360
7851,12470,0,
7851,7851,0,
7851,7857,0,
7861,12444,2,300
7864,11439,2,300
7865,12481,2,360
789,1533,0,
789,1580,0,
7926,7926,0,
793,11010,0,
793,11022,0,
7956,7956,0,
797,12134,0,
797,12668,2,300
797,650,0,
797,718,0,
7979,7979,0,
80,81,2,360
801,1992,0,
801,2044,0,
8020,11941,2,120
8020,11942,2,120
8020,11943,0,
8020,12020,2,120
8020,12022,2,120
8020,12230,0,
8020,12231,0,
8020,12332,2,120
8021,11229,2,120
8021,12235,0,
8021,12647,2,120
8021,3053,2,60
8021,3067,2,120
8021,3195,2,120
8021,3204,0,
8021,3334,2,120
8021,3394,2,120
8021,3533,2,120
8021,3769,2,120
8021,3904,2,120
8021,3906,2,120
8021,3927,2,120
8021,7643,2,120
8022,3385,2,120
8022,3478,2,120
8022,3806,2,120
8022,3822,2,120
8023,11559,2,120
8023,7650,0,
8024,12498,2,120
8024,7658,2,120
8024,7727,2,120
8024,7743,2,60
8024,7827,0,
8025,12580,2,120
8025,7768,2,120
8025,7777,2,120
8028,12580,2,120
8028,7768,2,120
8028,7777,2,120
8029,12498,2,120
8029,7658,2,120
8029,7727,2,120
8029,7743,2,120
8029,7827,0,
8030,11559,2,120
8030,7650,0,
8030,7736,2,120
8031,3385,2,120
8031,3478,2,120
8031,3728,2,600
8031,3779,2,120
8031,3806,2,120
8031,3816,2,120
8031,3822,2,120
8032,11229,2,120
8032,12234,0,
8032,12235,0,
8032,12647,2,120
8032,3053,2,60
8032,3067,2,120
8032,3195,2,120
8032,3204,2,120
8032,3334,2,120
8032,3394,2,120
8032,3533,2,120
8032,3769,2,120
8032,3904,2,120
8032,3906,2,120
8032,3927,2,120
8032,7643,2,120
8033,11940,2,120
8033,11941,2,120
8033,11942,2,120
8033,11943,2,120
8033,12022,2,120
8033,12230,0,
8033,12332,2,120
8034,11302,2,480
8034,11438,2,420
8034,189,2,480
8034,35,2,480
8034,40,2,480
8034,78,2,480
8034,8035,2,480
8034,8039,2,300
8034,859,2,480
8034,9069,2,360
8034,938,2,420
8034,95,2,540
8036,10865,0,
8036,10866,2,120
8036,10867,2,120
8036,12693,0,
8036,4242,2,120
8036,4459,0,
8036,4471,0,
8036,4568,2,120
8036,989,2,120
8038,11302,2,480
8038,11438,2,480
8038,11526,2,600
8038,11535,2,600
8038,12138,2,480
8038,189,2,540
8038,35,2,420
8038,40,2,480
8038,78,2,540
8038,8039,2,360
8038,859,2,480
8038,9069,2,480
8038,938,2,480
8038,95,2,600
8038,96,2,600
8040,4496,2,360
8040,8535,2,300
8040,9128,2,360
8041,11525,2,360
8041,4494,2,480
8042,11495,2,300
8043,1286,2,300
8043,181,0,
8043,235,0,
8044,11588,0,
8044,11589,2,300
8044,11606,2,300
8044,1231,2,300
8044,8754,2,360
8044,8763,2,360
8044,972,2,300
8045,12556,0,
8045,1572,0,
8045,695,0,
8046,1065,0,
8046,12393,0,
8046,1615,0,
8046,1832,0,
8047,10921,0,
8047,11674,0,
8047,1685,0,
8047,1736,0,
8047,1801,0,
8047,8563,0,
8048,2539,0,
8049,1173,2,300
8049,12405,0,
8049,12409,0,
8049,12410,0,
8049,12411,2,300
8049,2016,2,300
8049,2414,2,300
8049,2523,2,300
8049,2671,2,300
8049,2761,2,300
8049,2833,2,300
8050,10202,0,
8051,10429,0,
8051,2477,0,
8051,2630,0,
8051,2692,0,
8051,2799,0,
8051,3023,0,
8052,10915,0,
8052,2203,0,
8052,2252,0,
8052,2397,0,
8052,3535,0,
8052,5989,0,
8052,6984,0,
8053,11710,0,
8053,11712,0,
8053,11714,0,
8053,11715,0,
8053,11716,0,
8053,11718,0,
8055,10914,0,
8055,5148,0,
8055,5890,0,
8055,7639,0,
8056,10884,0,
8056,5844,2,300
8057,10880,0,
8057,10881,0,
8057,11764,2,360
8057,11882,2,300
8057,5045,0,
8057,5122,0,
8057,5262,0,
8057,5494,0,
8057,5667,0,
8057,5768,2,300
8057,5769,2,300
8057,5793,0,
8057,5891,2,300
8057,6467,0,
8058,5042,0,
8058,6468,2,360
8060,11764,2,360
8060,11882,2,300
8060,5045,0,
8060,5262,0,
8060,5667,0,
8060,5768,2,300
8060,5769,2,300
8060,5793,0,
8060,5891,0,
8061,10884,0,
8061,5844,2,300
8062,5148,0,
8062,5890,0,
8062,7639,0,
8063,8054,0,
8063,8978,0,
8064,11710,0,
8064,11712,0,
8064,11714,0,
8064,11715,0,
8064,11716,0,
8064,11718,0,
8065,10915,0,
8065,2203,0,
8065,2252,0,
8065,2397,0,
8065,3535,0,
8065,5989,0,
8065,6984,0,
8066,10429,0,
8066,2477,0,
8066,2630,0,
8066,2692,0,
8066,2799,0,
8066,3023,0,
8067,10202,0,
8068,1173,2,300
8068,12405,0,
8068,12409,0,
8068,12410,0,
8068,12411,2,300
8068,2016,2,300
8068,2414,2,300
8068,2523,2,300
8068,2671,2,300
8068,2761,2,300
8068,2833,2,300
8069,2539,0,
8070,10921,0,
8070,11674,0,
8070,1685,0,
8070,1736,0,
8070,1801,0,
8070,8563,0,
8071,1065,0,
8071,12393,0,
8071,1615,0,
8071,1832,0,
8072,12556,2,300
8072,1572,0,
8072,695,0,
8073,11588,0,
8073,11589,0,
8073,11606,2,300
8073,1231,2,300
8073,8754,2,360
8073,8763,2,360
8073,972,2,300
8074,10480,2,300
8074,1286,2,360
8074,181,0,
8074,235,0,
8075,11495,2,300
8075,81,2,420
8076,11524,2,360
8076,11525,2,360
8076,11526,2,360
8076,11535,2,360
8076,11706,2,420
8076,4494,2,480
8076,4495,2,360
8076,4881,2,420
8076,77,2,420
8076,9129,2,360
8076,96,2,420
8077,12375,2,300
8077,12681,2,480
8077,409,2,300
8077,8535,2,300
8078,11302,2,360
8078,12138,2,360
8078,35,2,300
8078,8035,2,360
809,2156,2,360
809,2231,2,360
81,81,2,180
811,761,0,
811,812,2,300
812,12669,0,
812,12672,2,300
812,195,2,300
812,811,2,300
8139,1482,0,
8139,1709,0,
8139,963,0,
8140,12318,0,
8140,12857,0,
8140,1482,2,120
8140,1709,2,120
8140,963,0,
815,1980,0,
815,2054,0,
826,746,0,
826,826,0,
8282,6706,0,
8282,8283,2,480
8282,8485,0,
8283,8483,2,300
8283,8484,2,360
8324,6631,2,360
834,1992,0,
834,2044,0,
8350,3386,2,480
8366,8368,2,360
838,12134,2,300
838,12668,2,300
838,650,0,
838,718,0,
8381,8381,0,
8394,766,0,
8394,8394,0,
8396,8396,0,
8408,7646,2,300
8412,8412,0,
842,11010,0,
842,11022,0,
8467,4711,0,
847,1533,0,
847,1580,0,
8483,6768,2,480
8483,6781,2,600
8483,8283,2,300
8483,8484,2,360
8484,8283,2,300
8485,8282,2,300
8490,6482,2,360
8490,6578,0,
8497,8497,0,
850,1147,2,360
850,1206,2,360
853,10620,2,300
8535,12375,2,300
8535,8535,0,
8542,11128,0,
8542,11129,0,
8563,11674,0,
8563,1685,0,
8563,1801,0,
8563,8047,0,
8563,8070,0,
8563,8563,0,
857,1143,2,300
857,12749,2,360
857,176,2,360
857,857,0,
857,8622,0,
8573,10564,0,
8573,8552,0,
8573,8561,0,
8573,8573,0,
8573,8574,0,
8573,8575,0,
8573,8577,0,
8573,8578,0,
8575,10564,0,
8575,8552,0,
8575,8561,0,
8575,8573,0,
8575,8574,0,
8575,8575,0,
8575,8577,0,
8575,8578,0,
8577,10564,0,
8577,8552,0,
8577,8561,0,
8577,8573,0,
8577,8574,0,
8577,8575,0,
8578,10564,0,
8578,8552,0,
8578,8561,0,
8578,8573,0,
8578,8574,0,
8578,8575,0,
8584,12751,2,300
8584,12752,2,300
859,10400,2,420
859,11302,2,420
859,11438,2,360
859,11526,2,420
859,11535,2,360
859,12036,2,420
859,189,2,300
859,35,2,300
859,4881,2,420
859,78,2,360
859,8019,2,480
859,8035,2,480
859,859,0,
859,9069,2,420
859,938,0,
859,95,2,360
860,199,2,300
860,287,0,
860,392,0,
860,860,0,
8605,4355,0,
8605,8605,0,
8617,9562,2,300
8617,9582,2,300
8622,2120,2,360
8622,779,2,300
8622,857,0,
8622,887,2,300
863,1977,0,
863,2058,0,
863,774,0,
863,863,0,
8638,4611,0,
8640,11403,2,300
8640,218,2,360
8640,545,0,
8640,9136,0,
8642,8642,0,
8643,8643,0,
8644,1423,0,
8644,1451,2,300
8654,11592,0,
8654,5805,0,
8654,5826,0,
8659,10021,2,480
8659,8679,2,120
8659,8680,2,120
8659,8748,0,
8659,8757,0,
8672,12227,0,
8672,8657,0,
8672,8676,0,
8672,8685,0,
8672,8687,0,
8672,8688,0,
8672,8689,0,
8672,8690,0,
8672,8746,0,
8672,8755,0,
8673,8673,0,
8673,8674,0,
8673,8743,2,420
8673,8751,0,
8673,8760,0,
8673,9505,0,
8674,8673,0,
8674,8751,2,300
8674,8760,2,300
8674,9505,0,
8679,10021,2,480
8679,8659,0,
8679,8680,0,
8679,8748,0,
8679,8757,0,
8680,10021,2,480
8680,8659,0,
8680,8679,2,120
8680,8748,0,
8680,8757,0,
8683,10017,2,300
8683,10018,0,
8683,8683,0,
8683,8697,0,
8683,8749,0,
8683,8758,0,
8687,12227,0,
8687,8657,0,
8687,8672,0,
8687,8676,0,
8687,8685,0,
8687,8687,0,
8687,8688,0,
8687,8689,0,
8687,8690,0,
8687,8691,0,
8687,8746,0,
8687,8755,0,
8688,8689,0,
8689,8688,0,
869,1018,0,
8691,12227,0,
8691,8657,0,
8691,8672,0,
8691,8676,0,
8691,8685,0,
8691,8687,0,
8691,8688,0,
8691,8689,0,
8691,8690,0,
8691,8691,0,
8691,8746,0,
8691,8755,0,
8697,10017,2,360
8697,10018,0,
8697,8683,0,
8697,8697,0,
8697,8749,0,
8697,8758,0,
8699,2943,2,300
8703,10028,2,480
8703,10029,2,420
8703,9510,2,360
8703,9511,2,360
8710,2881,2,120
8710,2899,2,120
8710,8710,2,120
8737,8701,2,300
8738,8743,2,420
8742,1782,0,
8742,8742,0,
8743,8673,2,360
8743,8674,2,360
8743,8743,0,
8743,9505,2,360
8746,12227,0,
8746,8657,0,
8746,8672,0,
8746,8676,0,
8746,8685,0,
8746,8687,0,
8746,8688,0,
8746,8689,0,
8746,8690,0,
8746,8691,0,
8746,8746,2,60
8746,8755,2,120
8747,10971,0,
8747,10972,0,
8747,8747,2,60
8747,8756,0,
8747,9952,0,
8748,8659,0,
8748,8679,0,
8748,8680,0,
8749,10017,0,
8749,8683,2,300
8749,8697,0,
8750,11874,0,
8750,12567,2,300
8750,12835,2,360
8750,12836,2,360
8750,1401,2,300
8751,8673,0,
8751,8674,2,300
8751,9505,2,300
8752,11095,2,300
8752,8860,0,
8752,906,2,360
8752,911,2,360
8753,1091,2,300
8753,8907,0,
8754,11588,2,360
8754,11589,2,300
8754,11606,2,300
8754,1231,2,300
8754,8044,2,360
8754,8073,2,360
8754,8913,2,360
8755,8657,0,
8755,8672,0,
8755,8676,0,
8755,8685,0,
8755,8687,0,
8755,8688,0,
8755,8689,0,
8755,8690,0,
8755,8691,0,
8756,10971,0,
8756,10972,0,
8756,8756,2,60
8756,9952,0,
8757,8659,0,
8757,8679,0,
8757,8680,0,
8758,10017,0,
8758,8683,2,300
8758,8697,0,
8759,11874,0,
8759,11875,2,300
8759,12567,2,300
8759,12835,2,360
8759,12836,2,360
8759,1401,2,300
8760,8673,0,
8760,8674,2,300
8760,9505,2,300
8761,11095,2,300
8761,8860,0,
8762,1091,2,300
8762,8907,0,
8763,11588,2,360
8763,1231,2,300
8763,8044,2,360
8763,8073,2,360
8763,8913,2,360
8797,3407,0,
8797,8797,0,
8800,11291,2,420
8800,8604,2,360
8818,3443,2,300
8820,3518,0,
8820,8847,0,
8828,3444,2,300
8841,8841,0,
8847,3410,0,
8847,3518,0,
8847,8820,0,
8847,8847,0,
8849,3375,0,
8850,3572,0,
8852,6923,0,
8852,8852,0,
8852,9572,0,
8853,8735,0,
8854,12543,2,360
8854,5436,0,
8854,5542,2,300
8854,6174,0,
8854,6195,2,300
8854,6340,2,300
8854,8854,0,
8860,8752,0,
8860,8761,0,
887,1143,0,
887,12749,2,300
887,176,2,300
887,8622,2,300
8886,3373,0,
8886,8886,0,
8907,8753,0,
8907,8762,0,
8913,8754,2,360
8913,8763,2,360
8916,11588,0,
8916,1231,0,
8916,8044,2,360
8916,8073,2,360
8916,8754,2,300
8916,8763,2,300
8916,8913,0,
892,1301,0,
892,1361,0,
8922,10412,2,300
8922,10413,2,300
8922,8922,0,
8928,7073,2,300
8928,8928,0,
8936,7186,0,
8936,7200,0,
8936,8936,0,
8940,7087,0,
8945,7076,0,
8945,7152,2,300
8945,8945,0,
8948,8948,0,
8960,7357,2,300
8970,8970,0,
8975,10554,2,300
898,690,0,
898,728,0,
8989,11232,2,300
8989,8989,0,
8989,9020,0,
8989,9492,2,480
902,1055,0,
902,1092,0,
9022,11075,0,
9022,11076,0,
9023,11075,0,
9043,1863,0,
9043,1888,0,
9051,1301,0,
9051,1361,0,
9054,934,0,
906,11095,0,
906,1697,0,
906,1721,0,
906,8761,2,420
9062,12395,2,300
9062,6095,2,300
908,1754,0,
908,2123,0,
91,21,0,
9103,2156,2,300
911,11095,0,
911,1697,0,
911,1721,0,
9124,1519,0,
9124,1592,0,
9124,210,2,300
9124,9124,0,
9125,1410,0,
9125,1461,0,
9135,9135,0,
9136,11403,2,300
9136,12721,0,
9136,218,2,360
9136,329,2,360
9136,545,0,
9136,8640,0,
9136,9136,0,
915,1055,0,
915,1092,0,
9174,3900,2,300
9178,10138,2,300
9179,3943,0,
9179,3944,2,300
9179,9179,0,
9199,9186,0,
9235,9235,0,
9239,11114,0,
9239,9239,0,
924,1301,0,
924,1361,0,
9240,7644,2,360
9243,9243,0,
9243,9324,2,300
9244,9244,0,
9245,9245,0,
9255,3965,0,
9255,9311,0,
9282,9414,0,
9291,12196,2,300
9291,9291,0,
9293,12196,2,420
9293,9292,0,
9294,9294,0,
9296,11264,2,300
9298,9299,0,
9299,10835,0,
93,81,2,420
9303,9303,0,
9306,10199,0,
9306,7102,0,
9307,12375,2,300
9307,8535,2,420
9311,9255,0,
932,11278,2,480
932,11279,2,480
932,11352,2,360
932,12548,2,420
9336,9336,0,
9337,9337,0,
9339,9338,0,
9339,9339,0,
9339,9344,0,
934,9054,0,
9342,3277,0,
9342,3281,2,300
9365,3842,0,
9378,3825,2,360
9379,3064,2,300
938,11438,2,360
938,35,2,300
938,8019,2,420
938,8035,2,480
9380,3903,2,420
9397,3695,0,
9397,3731,2,300
9397,9397,0,
9435,10747,2,300
9435,10748,2,300
9441,3632,0,
9441,9441,0,
9452,5918,0,
9452,5961,0,
9492,9020,2,360
9492,9492,0,
95,11535,2,300
95,35,2,480
95,78,0,
95,8019,2,480
95,8035,2,480
95,95,0,
9505,8673,0,
9505,8674,0,
9505,8751,2,300
9505,8760,2,300
9510,8703,2,360
9511,8703,2,360
9524,10148,0,
9524,9547,0,
9530,12816,2,360
9530,317,0,
9530,318,0,
9530,361,2,360
9543,11639,2,360
9543,12683,2,360
9543,4463,2,300
9543,4464,2,360
9543,4489,0,
9543,9543,0,
9547,12478,2,300
9547,9524,0,
955,678,0,
955,737,2,300
955,955,0,
9551,1018,0,
9560,6805,0,
9562,6823,0,
9562,8617,2,300
9564,6590,0,
9564,6646,0,
9567,6874,0,
9570,6675,0,
9570,6691,0,
9574,6675,0,
9574,6691,0,
9577,6874,0,
9577,6902,0,
9580,6590,0,
9580,6646,0,
9582,6823,2,300
9582,8617,2,300
9592,9591,0,
96,10400,2,360
96,11302,2,360
96,11438,2,360
96,11526,0,
96,11616,0,
96,11706,2,420
96,12036,2,180
96,35,2,480
96,4495,2,420
96,4881,2,360
96,77,0,
96,8019,2,540
96,8041,2,420
96,96,0,
9608,9608,0,
962,962,0,
963,12318,0,
963,12857,2,300
963,1482,0,
963,1709,0,
963,8139,0,
9643,9643,0,
9651,4360,2,360
9651,4403,2,360
9658,9658,0,
9665,9665,0,
9665,9701,0,
968,1046,0,
9683,9683,0,
9683,9684,0,
9683,9854,2,300
97,10400,0,
97,4881,2,360
97,97,0,
9701,9665,0,
9701,9701,0,
9714,12208,2,360
9714,9714,0,
972,11588,0,
972,11589,0,
972,11606,0,
972,8044,2,300
972,8073,2,300
9720,11664,2,300
9721,5854,0,
98,48,2,300
981,1487,0,
981,635,2,480
981,981,0,
983,1857,0,
9848,10144,2,360
9848,11613,2,360
9849,6969,2,480
9849,6987,2,360
985,1016,2,300
985,10399,2,480
985,11272,2,300
985,11522,2,300
985,11523,0,
985,11535,0,
985,11706,0,
985,4495,0,
985,4881,2,480
985,4882,0,
985,77,2,420
985,8041,2,360
985,985,0,
989,8037,2,120
9926,5845,2,300
9926,5861,2,300
994,10745,0,
994,2051,0,
9952,10034,2,360
9952,10971,0,
9952,10972,0,
9952,8747,0,
9952,8756,0,
9952,9952,0,
9981,10139,0,
9987,1622,0,
9987,1679,0,
9989,1643,0,
